NaN
NaN
NaN
NaN
NaN
NaN
0.000
0.000
0.000
0.000
0.459
0.218
0.000
0.000
0.000
0.000
0.000
0.000
0.474
0.631
0.000
0.072
0.000
0.184
0.000
0.000
0.144
0.085
0.045
0.000
0.000
0.000
0.000
0.000
0.000
0.000
0.000
0.000
0.657
0.000
0.000
0.099
0.358
0.508
0.000
0.333
0.687
0.260
0.000
0.342
0.224
0.000
0.142
0.000
0.000
0.000
0.000
0.000
0.077
0.035
0.069
0.119
0.270
0.000
0.000
0.000
0.000
0.000
0.000
0.000
0.169
0.318
0.730
1.000
1.000
0.975
0.117
0.000
0.308
0.089
0.000
0.072
0.000
0.214
0.000
0.000
0.000
0.000
0.000
0.022
0.000
0.000
0.000
0.000
0.000
0.000
0.000
0.000
0.054
0.000
0.000
0.000
1.000
0.000
0.000
0.000
0.000
0.000
0.049
0.000
0.000
0.000
0.000
0.000
0.000
0.000
0.000
0.000
0.000
0.000
0.000
0.000
0.000
0.000
0.000
0.286
0.000
0.000
0.000
0.000
0.884
0.420
0.208
1.000
0.131
1.000
1.000
0.355
1.000
0.374
0.683
1.000
0.000
0.000
0.000
0.015
0.327
0.000
0.146
0.059
0.000
0.070
0.002
0.000
0.003
0.104
0.151
0.000
0.000
1.000
1.000
0.000
0.000
0.000
0.000
0.008
0.067
0.270
0.000
0.085
0.353
0.134
0.000
0.260
0.000
0.000
0.250
0.037
0.042
0.553
0.142
0.144
0.328
0.476
0.162
0.008
0.122
0.000
0.030
0.000
0.003
0.005
0.020
0.000
0.184
0.142
0.131
0.729
1.000
1.000
0.936
0.357
0.000
0.035
0.013
0.000
0.000
0.018
0.092
0.084
0.000
0.000
0.000
0.132
0.000
0.037
0.101
0.000
0.000
0.000
0.303
0.000
0.000
0.000
0.000
0.169
1.000
1.000
1.000
1.000
0.084
0.000
0.000
0.000
0.000
0.000
0.000
0.087
0.000
0.000
0.000
0.000
0.000
0.049
1.000
1.000
0.136
0.000
0.214
0.000
0.000
0.000
0.000
0.000
0.000
0.000
0.000
0.000
0.000
0.000
0.000
0.692
0.251
0.072
0.000
0.000
0.000
0.000
0.000
0.000
0.000
0.256
0.228
0.000
0.000
0.000
0.000
0.000
0.000
0.000
0.000
0.000
0.812
1.000
1.000
1.000
1.000
0.816
0.489
0.399
0.049
0.000
0.025
0.077
0.122
0.000
0.000
0.000
0.000
0.000
0.000
0.000
0.000
0.000
0.000
0.144
0.662
0.568
0.961
0.000
0.000
0.017
0.018
0.812
0.000
0.000
0.000
0.012
0.583
1.000
0.000
0.000
0.000
0.049
1.000
1.000
1.000
0.106
1.000
0.131
0.000
0.000
0.285
0.000
0.047
0.576
0.000
0.059
0.000
0.000
0.000
0.000
0.000
0.000
0.000
0.000
0.042
0.000
0.422
0.000
0.000
0.114
0.000
0.000
0.034
0.000
0.072
0.000
0.000
0.000
1.000
1.000
0.000
0.000
0.000
0.000
0.000
0.025
1.000
0.000
0.000
0.000
0.000
0.000
0.000
0.000
0.000
0.000
0.000
0.000
0.000
0.000
0.000
0.000
0.000
0.000
0.000
0.000
0.000
0.000
0.000
0.000
0.000
1.000
0.000
0.000
0.000
0.000
1.000
0.000
0.000
0.000
0.000
0.000
0.000
0.000
0.000
1.000
0.000
0.000
0.034
0.047
0.000
0.000
0.000
0.000
0.000
0.000
0.007
0.191
0.871
0.363
0.811
0.000
0.059
0.000
0.028
0.000
0.072
0.000
0.000
0.000
0.000
0.000
0.000
0.020
0.069
0.000
0.000
0.000
0.000
0.000
0.000
0.000
0.000
0.000
0.000
0.000
0.665
0.000
0.092
0.070
0.000
0.000
0.000
0.000
0.000
0.000
0.023
0.000
0.000
0.000
0.000
0.000
0.000
1.000
0.000
0.000
0.000
0.034
0.000
0.062
0.000
0.000
0.000
0.000
0.000
0.000
0.000
0.000
0.000
0.000
0.000
0.000
0.000
0.000
0.000
0.000
0.000
0.000
0.000
0.000
0.000
0.000
0.000
0.000
0.000
0.000
0.000
0.000
0.030
0.000
0.000
0.000
0.000
0.000
0.000
0.000
0.000
0.191
0.000
0.000
0.000
0.119
0.000
0.000
0.000
0.000
0.000
0.000
0.000
0.000
0.000
0.000
0.000
0.000
0.000
0.000
0.000
0.000
0.000
0.000
0.000
0.000
0.000
0.000
0.000
0.000
0.000
0.000
0.814
1.000
1.000
1.000
0.049
0.000
0.067
0.025
0.826
0.000
0.000
0.000
0.000
0.000
1.000
1.000
0.000
0.003
0.000
0.000
0.000
0.000
0.015
0.000
0.010
0.000
0.055
0.000
0.000
0.000
0.000
0.000
0.000
0.000
0.000
0.000
0.000
0.000
0.000
0.000
0.000
0.000
0.000
0.000
0.000
0.000
0.000
0.000
0.000
0.000
0.000
0.000
0.000
0.000
0.000
0.000
0.000
0.000
0.000
0.000
0.000
0.000
0.000
0.000
0.000
0.000
0.069
1.000
0.000
0.000
0.000
0.000
0.047
0.000
0.000
0.000
0.000
0.000
0.000
0.000
0.000
0.000
0.000
0.000
0.062
0.000
0.000
0.472
1.000
0.891
0.285
0.000
0.000
0.000
0.000
0.166
0.000
0.000
0.000
0.000
0.000
0.000
0.000
0.000
0.000
0.000
0.000
0.000
0.000
0.000
0.000
0.000
0.067
0.000
0.000
0.000
0.000
0.000
0.000
0.000
0.000
0.000
0.000
0.000
0.000
0.122
0.000
0.000
0.000
0.375
0.000
0.000
0.000
0.000
0.000
0.000
0.045
0.000
0.000
0.131
0.000
0.000
0.000
0.010
0.000
0.000
0.000
0.216
0.673
0.792
0.057
0.000
0.000
1.000
0.003
0.000
0.000
0.000
0.000
0.000
0.000
0.000
0.000
0.000
0.000
0.000
0.000
0.000
0.000
0.000
0.000
0.000
0.000
0.335
1.000
0.365
0.000
0.000
0.000
0.000
1.000
0.000
1.000
0.692
0.000
0.000
0.000
0.000
0.000
0.000
0.000
0.000
0.841
1.000
0.000
0.000
0.000
0.000
0.000
0.000
0.000
0.000
0.965
1.000
0.647
0.015
0.000
0.000
1.000
0.000
0.000
0.000
0.000
1.000
0.000
0.000
0.000
0.000
0.000
0.000
0.000
0.000
0.000
0.000
0.000
0.000
0.000
0.000
0.000
0.000
0.464
1.000
1.000
1.000
0.521
0.000
0.000
0.000
0.000
0.000
0.000
0.000
0.000
0.025
0.260
1.000
0.000
0.000
0.002
0.000
0.000
0.000
0.000
0.000
0.000
0.471
0.000
0.307
0.943
0.000
0.637
0.000
0.000
0.000
0.000
0.000
0.000
0.000
0.000
0.013
0.000
0.000
0.000
0.000
0.000
0.000
0.280
0.000
0.000
0.000
0.013
0.000
0.000
0.000
0.000
0.000
0.000
0.000
0.000
0.000
0.000
0.000
0.000
0.000
0.106
0.796
1.000
1.000
1.000
1.000
0.832
0.094
0.000
0.018
0.032
0.127
0.000
0.328
0.000
0.092
0.171
0.479
0.859
0.000
0.000
0.196
0.124
0.045
0.124
0.335
0.106
0.255
0.000
0.000
0.000
0.000
0.000
0.144
0.198
0.322
0.961
1.000
0.109
0.648
0.084
0.595
0.000
0.000
0.000
0.000
0.000
0.000
0.000
0.000
0.000
0.000
0.000
0.000
0.000
0.000
0.000
0.089
0.000
0.000
0.156
0.000
0.000
0.000
0.095
0.000
0.000
0.000
0.000
0.000
0.000
0.000
0.000
0.000
0.010
0.000
0.000
0.000
0.000
0.318
0.079
0.000
0.000
0.000
0.000
0.000
0.000
0.159
0.000
0.000
0.000
0.000
0.000
0.000
0.000
0.000
0.000
0.000
0.000
0.000
0.000
0.000
0.000
0.000
0.000
0.000
0.000
0.000
0.000
0.000
0.000
0.000
0.000
0.000
0.000
0.000
0.000
0.000
0.000
0.000
0.000
0.345
0.000
0.000
0.000
0.000
0.000
0.000
0.000
0.000
0.000
0.000
0.000
0.000
0.000
1.000
0.102
0.000
0.000
0.000
0.000
0.000
0.049
0.000
0.000
0.000
0.000
0.000
0.000
0.000
0.000
0.027
0.069
0.000
0.000
0.000
0.243
0.362
0.000
0.094
0.000
0.000
0.000
0.000
0.000
0.000
0.000
0.000
0.000
0.000
0.000
0.000
0.000
0.000
0.000
0.000
0.000
0.000
0.000
0.000
0.000
0.000
0.000
0.000
0.000
0.000
0.000
0.000
0.000
0.000
0.000
0.000
0.000
0.017
0.000
0.000
0.000
0.000
0.000
0.000
0.000
0.000
0.764
0.000
0.000
0.000
0.000
0.000
0.000
0.162
0.856
0.000
0.000
0.000
0.489
0.667
0.196
0.111
0.000
0.000
0.000
0.000
0.000
0.000
0.528
1.000
1.000
0.948
0.000
0.000
0.000
0.000
0.000
0.000
0.000
0.000
0.000
0.080
0.000
0.000
0.000
0.000
0.000
0.000
0.000
0.000
0.000
0.000
0.000
0.000
0.000
0.000
0.000
0.369
0.159
0.000
0.000
0.000
0.000
0.000
0.003
0.037
0.000
0.000
0.000
0.000
0.000
0.000
0.000
0.000
0.000
0.000
0.000
0.000
0.000
0.231
0.000
0.000
0.000
0.050
1.000
1.000
0.000
0.032
0.000
0.000
0.665
0.000
0.000
0.000
0.000
0.000
0.000
0.000
0.000
0.000
0.000
0.000
0.000
0.000
0.000
0.000
0.000
0.000
0.000
0.000
0.000
0.000
0.000
0.000
0.000
0.000
0.000
0.000
0.000
0.000
0.000
0.000
0.000
0.000
0.000
0.000
0.000
0.000
0.000
0.000
0.000
0.000
0.000
0.000
0.000
0.000
0.000
0.000
0.072
0.042
0.000
0.000
0.000
0.000
0.000
0.000
0.000
0.000
0.000
0.000
0.000
0.005
0.000
0.000
0.000
0.000
0.000
0.131
0.013
0.000
0.000
0.000
0.000
0.533
0.035
0.000
0.002
0.012
0.022
0.000
0.000
0.771
0.027
0.000
0.000
0.000
0.000
0.000
0.000
0.000
0.000
0.000
0.000
0.000
0.000
0.000
0.000
0.000
0.000
0.000
0.000
0.000
0.000
0.057
0.000
0.000
0.000
0.000
0.000
0.000
0.000
0.000
0.000
0.000
0.000
0.000
0.000
0.000
0.000
0.000
0.173
0.000
0.315
0.000
0.000
0.000
0.000
0.000
0.000
0.000
0.000
0.000
0.000
0.000
0.000
0.000
0.000
0.000
0.000
0.000
0.000
0.000
0.229
0.000
0.000
0.000
0.000
0.000
0.000
0.000
0.000
0.000
0.005
0.308
0.000
0.000
0.000
0.000
0.000
0.005
0.000
0.000
0.000
0.084
0.030
0.000
0.000
0.008
0.000
0.000
0.000
0.000
0.000
0.000
0.000
0.000
0.000
0.000
0.000
0.000
0.015
0.000
0.000
0.000
0.000
0.000
0.000
0.000
0.000
0.000
0.000
0.000
0.000
0.000
0.000
0.000
0.000
0.000
0.000
0.000
0.000
0.000
0.000
0.000
0.000
0.000
0.000
0.059
0.000
0.000
0.000
0.000
0.000
0.000
0.034
0.000
0.000
0.000
0.000
0.000
0.166
0.034
0.000
0.106
0.000
0.084
0.095
1.000
0.111
0.064
0.050
0.074
0.012
0.000
0.000
0.000
0.027
0.000
0.000
0.000
0.000
0.000
0.000
0.164
0.000
0.000
0.000
0.000
0.000
0.000
1.000
0.000
0.000
0.000
0.000
0.092
0.000
0.000
0.000
0.000
0.397
0.000
0.000
0.000
0.000
0.000
0.000
0.000
0.000
0.000
0.000
0.000
0.000
0.000
0.000
0.000
0.106
0.000
0.000
0.000
0.000
0.000
1.000
0.000
0.000
0.000
0.010
0.000
0.000
0.000
0.000
0.000
0.000
0.000
0.000
0.000
0.000
1.000
1.000
1.000
1.000
0.461
1.000
0.000
0.000
0.000
0.000
0.281
0.174
0.023
0.169
0.102
0.948
1.000
0.000
1.000
0.454
0.000
0.000
0.000
0.000
0.000
0.000
0.000
0.000
0.000
0.000
0.015
0.052
0.000
0.000
0.000
0.000
0.000
0.000
0.000
0.000
0.000
0.000
0.000
0.296
1.000
1.000
0.000
0.000
0.000
0.000
0.000
0.000
0.000
0.000
0.000
0.000
0.000
0.000
0.000
0.022
0.000
0.000
0.000
0.000
0.000
0.000
1.000
0.000
0.000
0.000
0.000
0.176
0.008
0.000
0.000
0.000
0.000
0.000
0.000
0.000
0.000
0.000
0.000
0.000
0.000
0.000
0.000
0.000
0.000
0.935
0.000
0.000
0.000
0.000
0.000
0.000
0.000
0.000
0.000
0.131
0.000
0.704
0.474
1.000
0.832
0.000
0.000
0.000
0.000
0.000
0.000
0.000
0.000
0.000
0.000
0.000
0.000
0.000
0.000
0.000
0.000
0.000
0.000
0.000
0.000
0.000
0.000
0.000
0.000
0.000
0.000
0.000
0.000
0.000
0.382
0.529
1.000
1.000
0.395
0.000
0.000
0.000
0.000
0.000
0.000
0.000
0.000
0.000
0.000
0.600
0.171
0.183
0.000
0.000
0.000
0.000
0.204
0.000
0.000
0.000
0.000
0.000
0.000
0.000
0.000
0.000
1.000
0.280
0.000
0.000
0.000
0.000
0.000
0.000
0.000
0.000
0.000
0.000
0.000
0.000
0.074
0.218
1.000
1.000
0.193
0.065
0.000
0.000
0.000
0.000
0.000
0.049
0.000
0.000
0.000
0.000
0.000
0.000
0.000
0.221
0.000
1.000
1.000
0.851
0.705
0.276
0.670
0.000
0.000
0.000
0.000
0.000
0.000
0.079
0.000
0.149
0.000
0.000
0.000
1.000
0.000
0.000
0.000
0.000
0.000
0.000
0.000
0.000
0.000
0.000
0.000
0.000
0.000
0.000
0.000
0.000
0.000
0.000
0.000
0.000
0.000
0.000
0.000
0.000
0.000
0.000
0.000
0.000
0.000
0.000
0.000
0.000
0.000
0.000
0.000
0.000
0.000
0.000
0.000
0.000
0.000
0.000
0.000
0.000
0.000
0.000
0.000
0.000
0.000
0.000
0.000
0.000
0.000
0.000
0.000
1.000
0.566
0.966
0.000
0.000
0.000
0.000
0.000
0.000
0.000
0.000
0.000
0.000
0.000
0.000
0.000
0.000
0.000
0.000
0.000
0.000
0.000
0.000
0.000
0.000
0.000
0.444
0.000
0.020
0.000
0.000
0.000
0.000
0.000
0.000
0.000
0.000
0.000
0.000
0.000
0.000
0.000
0.000
0.000
0.000
0.000
0.000
0.000
0.000
0.000
0.000
0.000
0.000
0.000
0.000
0.000
0.000
0.000
0.000
0.000
0.000
0.000
0.000
0.000
0.000
0.000
0.000
0.000
0.000
0.000
0.000
0.508
1.000
1.000
1.000
1.000
0.000
0.000
0.184
0.000
0.000
0.000
0.000
0.000
0.204
0.345
0.070
0.352
1.000
0.491
1.000
0.149
0.000
0.000
0.000
0.000
0.000
0.000
0.000
0.000
0.000
0.000
0.000
0.000
0.000
0.000
0.000
0.000
0.000
0.000
0.000
0.055
0.000
0.000
0.000
0.000
0.000
0.000
0.000
0.000
0.000
0.000
0.075
0.000
0.008
0.000
0.000
0.000
0.000
0.010
0.000
0.159
0.469
0.683
0.189
0.216
0.801
0.665
0.804
0.017
0.223
0.613
0.295
0.492
0.178
0.045
0.022
0.079
NaN
NaN
NaN
NaN
NaN
NaN
NaN
NaN
NaN
NaN
NaN
NaN
NaN
NaN
NaN
NaN
NaN
NaN
NaN
NaN
NaN
NaN
NaN
NaN
NaN
NaN
NaN
NaN
NaN
NaN
