NaN
NaN
NaN
NaN
NaN
NaN
0.000
0.024
0.015
0.010
0.024
0.026
0.000
0.019
0.006
0.000
0.009
0.047
0.034
0.056
0.046
0.037
0.034
0.000
0.030
0.000
0.025
0.018
0.002
0.000
0.012
0.027
0.006
0.000
0.000
0.000
0.000
0.012
0.083
0.034
0.000
0.000
0.023
0.105
0.051
0.046
0.000
0.000
0.000
0.053
0.000
0.005
0.000
0.022
0.019
0.000
0.001
0.012
0.000
0.029
0.044
0.041
0.000
0.019
0.012
0.021
0.000
0.022
0.032
0.064
0.106
0.290
1.000
1.000
1.000
0.333
0.041
0.128
0.203
0.044
0.041
0.050
0.076
0.027
0.045
0.083
0.046
0.039
0.068
0.016
0.002
0.032
0.062
0.035
0.051
0.074
0.039
0.086
0.105
0.121
0.130
0.228
1.000
0.201
0.042
0.098
0.053
0.076
0.031
0.121
0.076
0.109
0.088
0.022
0.085
0.159
0.054
0.053
0.096
0.196
0.097
0.098
0.088
0.179
0.053
0.181
0.074
0.064
0.056
0.079
0.811
0.563
0.320
0.764
0.241
1.000
1.000
0.367
1.000
0.211
0.240
1.000
0.202
0.083
0.065
0.074
0.119
0.219
0.198
0.262
0.219
0.155
0.088
0.054
0.048
0.054
0.057
0.171
0.927
0.833
0.518
0.103
0.088
0.053
1.000
1.000
0.136
0.000
0.042
0.068
0.057
0.000
0.033
0.104
0.024
0.054
0.004
0.027
0.069
0.000
0.101
0.100
0.298
0.224
0.029
0.052
0.011
0.007
0.014
0.044
0.009
0.007
0.028
0.062
0.009
0.009
0.076
0.299
0.451
0.253
0.046
0.000
0.000
0.001
0.008
0.000
0.038
0.000
0.011
0.000
0.000
0.001
0.004
0.000
0.023
0.000
0.000
0.004
0.124
0.000
0.000
0.012
0.044
0.134
0.128
0.358
0.468
0.083
0.004
0.000
0.000
0.000
0.000
0.004
0.033
0.045
0.042
0.006
0.011
0.007
0.000
0.207
0.733
0.617
0.016
0.005
0.003
0.004
0.017
0.013
0.028
0.013
0.006
0.003
0.007
0.008
0.009
0.000
0.313
0.355
0.169
0.026
0.013
0.011
0.011
0.015
0.013
0.013
0.039
0.083
1.000
0.035
0.017
0.021
0.061
0.046
0.020
0.039
0.067
0.077
0.526
1.000
1.000
0.773
1.000
1.000
0.356
0.036
0.025
0.028
0.042
0.088
0.118
0.032
0.085
0.035
0.035
0.000
0.028
0.076
0.034
0.037
0.041
0.223
0.288
0.689
0.600
1.000
0.043
0.037
0.051
0.108
0.354
0.044
0.067
0.134
0.425
0.468
1.000
0.077
0.055
0.029
0.168
1.000
1.000
1.000
0.204
1.000
0.036
0.011
0.011
0.011
0.010
0.013
0.000
0.028
0.024
0.042
0.004
0.037
0.000
0.169
0.073
0.070
0.004
0.017
0.052
0.000
0.008
0.053
0.019
0.001
0.029
0.055
0.044
0.033
0.011
0.053
0.101
1.000
1.000
0.232
0.028
0.048
0.161
0.359
0.446
1.000
0.109
0.108
0.039
0.020
0.028
0.000
0.044
0.023
0.074
0.048
0.087
0.022
0.006
0.025
0.025
0.032
0.008
0.026
0.112
0.062
0.017
0.013
0.212
0.095
1.000
0.092
0.031
0.039
0.043
0.430
0.053
0.556
0.050
0.062
0.024
0.000
0.027
0.054
0.923
0.083
0.081
0.104
0.120
0.034
0.024
0.000
0.000
0.046
0.479
0.090
0.120
0.245
0.087
0.182
0.127
0.127
0.000
0.038
0.171
0.051
0.025
0.068
0.065
0.079
0.047
0.273
0.176
0.457
0.050
0.046
0.042
0.000
0.000
0.039
0.026
0.013
0.031
0.006
0.073
0.000
0.028
0.083
0.002
0.004
0.029
0.000
0.017
0.006
0.000
0.023
0.193
0.117
0.050
0.024
0.081
0.155
1.000
0.116
0.066
0.026
0.072
0.000
0.049
0.060
0.000
0.000
0.053
0.023
0.024
0.092
0.102
0.052
0.050
0.041
0.099
1.000
0.000
0.118
0.105
0.101
0.034
0.007
0.018
0.064
0.027
0.034
0.018
0.000
0.005
0.007
0.018
0.037
0.000
0.039
0.056
0.016
0.002
0.000
0.003
0.008
0.000
0.000
0.029
0.000
0.029
0.037
0.000
0.034
0.145
0.000
0.000
0.000
0.007
0.000
0.044
0.027
0.000
0.000
0.033
0.024
0.055
0.000
0.020
0.039
0.010
0.008
0.048
0.064
0.068
0.119
0.118
0.778
1.000
1.000
1.000
0.189
0.118
0.164
0.276
1.000
0.079
0.069
0.076
0.061
0.123
1.000
1.000
0.193
0.034
0.023
0.054
0.000
0.069
0.076
0.084
0.080
0.161
0.078
0.341
0.283
0.066
0.140
0.251
0.096
0.106
0.142
0.220
0.102
0.036
0.025
0.090
0.131
0.094
0.118
0.214
0.156
0.113
0.055
0.040
0.131
0.125
0.071
0.670
0.081
0.418
0.106
0.080
0.055
0.032
0.049
0.056
0.364
0.265
0.048
0.000
0.061
0.061
0.509
1.000
0.091
0.008
0.011
0.019
0.061
0.032
0.102
0.050
0.007
0.006
0.037
0.049
0.069
0.044
0.063
0.018
0.101
0.026
0.149
0.000
1.000
0.226
0.262
0.080
0.030
0.085
0.047
0.053
0.016
0.021
0.000
0.061
0.000
0.021
0.056
0.030
0.011
0.020
0.027
0.032
0.027
0.096
0.018
0.012
0.046
0.012
0.047
0.023
0.039
0.024
0.019
0.000
0.010
0.003
0.010
0.001
0.014
0.004
0.000
0.000
0.000
0.003
0.027
0.005
0.020
0.008
0.000
0.006
0.008
0.000
0.000
0.000
0.001
0.005
0.006
0.000
0.000
0.000
0.000
0.000
0.265
0.599
0.059
0.000
0.083
1.000
0.025
0.014
0.002
0.000
0.029
0.008
0.013
0.000
0.000
0.035
0.063
0.115
0.126
0.068
0.117
0.058
0.053
0.034
0.367
1.000
1.000
1.000
0.000
0.052
0.000
0.103
1.000
1.000
1.000
1.000
0.103
0.023
0.017
0.018
0.093
0.019
0.046
0.531
0.932
1.000
0.403
0.119
0.308
0.042
0.086
0.061
0.063
0.441
1.000
1.000
1.000
1.000
0.698
0.328
1.000
0.210
0.061
0.101
0.359
1.000
0.081
0.029
0.016
0.024
0.106
0.027
0.151
0.108
0.127
0.113
0.110
0.175
0.217
0.131
0.306
0.695
1.000
1.000
1.000
1.000
1.000
0.142
0.000
0.070
0.057
0.173
0.023
0.012
0.082
0.203
0.658
1.000
0.073
0.019
0.008
0.000
0.000
0.025
0.000
0.025
0.308
0.830
0.976
0.986
0.536
0.101
1.000
0.197
0.122
0.204
0.276
0.082
0.000
0.000
0.000
0.000
0.013
0.080
0.000
0.134
0.058
0.030
0.019
0.055
0.053
0.051
0.057
0.000
0.000
0.000
0.044
0.000
0.047
0.000
0.035
0.080
0.046
0.096
0.153
0.182
0.512
1.000
1.000
1.000
1.000
1.000
0.800
0.013
0.004
0.044
0.039
0.020
0.012
0.094
0.147
0.112
0.266
0.457
0.514
0.053
0.040
0.045
0.053
0.052
0.080
0.052
0.015
0.021
0.041
0.110
0.000
0.061
0.030
0.305
0.061
0.175
0.570
0.787
0.526
0.892
0.094
0.480
0.043
0.078
0.050
0.054
0.040
0.031
0.003
0.016
0.048
0.329
0.186
0.117
0.025
0.040
0.030
0.014
0.073
0.039
0.110
0.031
0.082
0.116
0.248
0.104
0.104
0.046
0.047
0.000
0.009
0.084
0.039
0.036
0.111
0.034
0.003
0.017
0.115
0.220
0.371
0.092
0.102
0.118
0.000
0.029
0.051
0.117
0.039
0.016
0.018
0.000
0.033
0.011
0.026
0.000
0.005
0.004
0.000
0.005
0.012
0.000
0.000
0.013
0.049
0.041
0.041
0.005
0.001
0.000
0.022
0.014
0.000
0.002
0.000
0.006
0.003
0.000
0.000
0.000
0.013
0.532
0.000
0.000
0.000
0.000
0.000
0.004
0.012
0.055
0.039
0.094
0.000
0.008
0.287
1.000
0.194
0.000
0.000
0.017
0.015
0.000
0.000
0.000
0.006
0.000
0.001
0.000
0.000
0.000
0.009
0.021
0.000
0.022
0.006
0.019
0.060
0.093
0.000
0.000
0.000
0.000
0.000
0.000
0.000
0.000
0.000
0.000
0.005
0.002
0.000
0.000
0.000
0.000
0.000
0.000
0.005
0.000
0.000
0.000
0.000
0.000
0.015
0.000
0.000
0.000
0.000
0.000
0.000
0.000
0.000
0.001
0.000
0.147
0.026
0.020
0.000
0.000
0.000
0.017
0.000
0.042
0.156
0.000
0.001
0.002
0.000
0.001
0.015
0.037
0.106
0.000
0.007
0.010
0.000
0.042
0.048
0.000
0.008
0.006
0.000
0.000
0.006
0.043
0.137
0.138
0.130
0.132
0.032
0.008
0.008
0.000
0.000
0.003
0.000
0.000
0.019
0.004
0.009
0.000
0.002
0.004
0.006
0.017
0.000
0.000
0.000
0.000
0.027
0.000
0.015
0.022
0.000
0.029
0.081
0.003
0.003
0.008
0.018
0.020
0.021
0.033
0.000
0.004
0.000
0.000
0.048
0.042
0.031
0.014
0.009
0.011
0.039
0.000
0.025
0.710
0.080
0.063
0.102
0.316
1.000
1.000
0.741
0.485
0.526
0.364
1.000
0.074
0.014
0.000
0.004
0.027
0.000
0.021
0.015
0.019
0.016
0.019
0.031
0.023
0.015
0.027
0.138
0.044
0.032
0.041
0.029
0.005
0.011
0.026
0.000
0.045
0.000
0.123
0.000
0.009
0.034
0.112
0.083
0.084
0.107
0.039
0.010
0.008
0.003
0.005
0.018
0.000
0.007
0.012
0.001
0.011
0.019
0.016
0.035
0.000
0.000
0.012
0.008
0.020
0.003
0.000
0.007
0.011
0.000
0.000
0.005
0.039
0.059
0.074
0.023
0.026
0.054
0.036
0.412
0.003
0.038
0.066
0.167
0.086
0.106
0.108
0.165
0.113
0.052
0.065
0.078
0.274
0.131
0.000
0.061
0.083
0.073
0.035
0.090
0.057
0.027
0.000
0.006
0.007
0.013
0.009
0.096
0.000
0.024
0.066
0.200
0.197
0.091
0.273
0.030
0.033
0.024
0.055
0.068
0.029
0.014
0.056
0.004
0.029
0.062
0.042
0.004
0.000
0.018
0.080
0.062
0.281
0.200
0.170
0.054
0.017
0.156
0.000
1.000
0.067
0.000
0.104
0.000
0.073
0.063
0.018
0.000
0.010
0.066
0.000
0.052
0.047
0.062
0.079
0.127
0.054
0.000
0.016
0.025
0.038
0.018
0.000
0.017
0.009
0.045
0.000
0.002
0.000
0.013
0.015
0.025
0.000
0.023
0.075
0.043
0.029
0.000
0.000
0.011
0.010
0.000
0.002
0.025
0.011
0.000
0.039
0.049
0.071
0.034
0.132
1.000
0.079
0.039
0.038
0.011
0.015
0.045
0.013
0.013
0.000
0.008
0.028
0.031
0.043
0.093
0.050
0.033
0.012
0.061
0.054
0.043
0.055
0.083
0.058
0.009
0.025
0.031
0.015
0.228
0.000
0.011
0.000
0.025
0.017
0.028
0.000
0.014
0.014
0.000
0.025
0.024
0.052
0.125
0.082
0.043
0.041
0.084
0.229
1.000
0.090
0.060
0.014
0.035
0.036
0.032
0.030
0.011
0.045
0.064
0.037
0.084
0.043
0.018
0.068
0.441
0.018
0.000
0.001
0.024
0.017
0.030
0.239
0.023
0.017
0.031
0.000
0.073
0.042
0.000
0.086
0.044
0.117
0.000
0.006
0.020
0.036
0.067
0.041
0.074
0.029
0.007
0.008
0.019
0.003
0.005
0.009
0.088
0.214
0.031
0.035
0.007
0.000
0.065
1.000
0.056
0.028
0.038
0.081
0.007
0.044
0.003
0.020
0.022
0.082
0.029
0.035
0.077
0.095
1.000
1.000
1.000
1.000
0.574
1.000
0.078
0.023
0.031
0.034
0.135
0.105
0.110
0.278
0.308
0.779
1.000
1.000
1.000
1.000
0.093
0.035
0.164
0.287
0.023
0.166
0.232
0.062
0.083
0.058
0.087
0.195
0.268
0.000
0.035
0.233
0.098
0.082
0.054
0.056
0.090
0.037
0.043
0.117
1.000
1.000
0.132
0.055
0.020
0.004
0.110
0.013
0.000
0.027
0.034
0.003
0.007
0.000
0.000
0.242
0.017
0.017
0.008
0.000
0.055
0.000
0.559
0.149
0.000
0.050
0.148
0.108
0.110
0.007
0.035
0.017
0.011
0.009
0.003
0.000
0.040
0.052
0.034
0.023
0.004
0.027
0.089
0.165
0.135
0.554
0.134
0.051
0.000
0.000
0.001
0.000
0.008
0.036
0.039
0.083
0.061
0.113
0.095
0.005
0.774
0.056
0.009
0.006
0.013
0.000
0.005
0.000
0.021
0.000
0.080
0.000
0.022
0.044
0.000
0.000
0.023
0.017
0.014
0.010
0.000
0.000
0.052
0.008
0.015
0.028
0.043
0.044
0.073
0.134
1.000
1.000
1.000
1.000
0.795
0.492
0.025
0.087
0.148
0.035
0.037
0.011
0.010
0.020
0.000
0.007
0.037
0.045
0.000
0.015
0.091
0.021
0.743
0.212
0.134
0.008
0.080
0.047
0.067
0.020
0.022
0.055
0.092
0.041
0.072
0.054
0.034
0.017
0.009
0.008
0.000
0.071
0.021
0.000
0.025
0.017
0.040
0.092
0.021
0.661
0.077
0.042
0.015
0.008
0.000
0.000
0.028
0.039
0.009
0.041
0.005
0.000
0.000
0.033
0.058
0.070
0.054
0.121
0.181
0.217
0.205
0.157
0.226
0.022
0.010
0.000
0.008
0.002
0.041
0.065
0.065
0.000
0.038
0.093
0.184
1.000
0.123
0.048
0.110
0.053
0.139
0.004
0.000
0.010
0.073
0.000
0.003
0.000
0.000
0.019
0.014
0.000
0.008
0.010
0.004
0.007
0.000
0.010
0.000
0.016
0.059
0.022
0.037
0.040
0.014
0.037
0.027
0.006
0.000
0.000
0.007
0.010
0.000
0.000
0.041
0.000
0.002
0.046
0.026
0.009
0.000
0.000
0.009
0.007
0.003
0.003
0.000
0.005
0.022
0.017
0.008
0.206
0.114
0.108
0.001
0.038
0.101
0.027
0.011
0.034
0.014
0.326
0.011
0.002
0.012
0.012
0.000
0.021
0.052
0.000
0.000
0.035
0.104
0.000
0.001
0.000
0.000
0.200
0.242
0.322
0.000
0.000
0.000
0.000
0.000
0.000
0.000
0.000
0.000
0.000
0.000
0.000
0.000
0.000
0.002
0.000
0.000
0.000
0.000
0.000
0.000
0.000
0.000
0.000
0.000
0.000
0.016
0.003
0.002
0.002
0.000
0.007
0.011
0.004
0.008
0.014
0.011
0.028
0.000
0.032
0.027
0.160
0.590
1.000
1.000
1.000
1.000
0.115
0.029
0.015
0.017
0.016
0.038
0.037
0.051
0.077
0.068
0.063
0.265
1.000
0.702
1.000
0.099
0.017
0.035
0.000
0.019
0.000
0.003
0.010
0.195
0.005
0.019
0.009
0.020
0.004
0.005
0.000
0.000
0.000
0.078
0.012
0.002
0.005
0.002
0.015
0.063
0.000
0.000
0.016
0.003
0.001
0.001
0.001
0.000
0.000
0.002
0.001
0.000
0.000
0.001
0.003
0.007
0.011
0.005
0.003
0.004
0.009
0.008
0.009
0.005
0.014
0.012
0.002
0.012
0.005
0.010
0.017
NaN
NaN
NaN
NaN
NaN
NaN
NaN
NaN
NaN
NaN
NaN
NaN
NaN
NaN
NaN
NaN
NaN
NaN
NaN
NaN
NaN
NaN
NaN
NaN
NaN
NaN
NaN
NaN
NaN
NaN
