NaN
NaN
NaN
NaN
NaN
NaN
0.000
0.000
0.000
0.000
0.000
0.000
0.000
0.000
0.000
0.000
0.000
0.000
0.000
0.000
0.000
0.000
0.000
0.000
0.000
0.000
0.000
0.000
0.000
0.000
0.000
0.000
0.000
0.000
0.000
0.000
0.000
0.000
0.004
0.000
0.000
0.000
0.000
0.043
0.000
0.000
0.000
0.000
0.000
0.000
0.000
0.000
0.000
0.000
0.000
0.000
0.000
0.000
0.000
0.000
0.000
0.000
0.000
0.000
0.000
0.022
0.000
0.000
0.000
0.000
0.106
0.205
0.581
1.000
1.000
0.588
0.000
0.000
0.028
0.000
0.000
0.000
0.000
0.000
0.000
0.000
0.000
0.000
0.000
0.000
0.000
0.003
0.000
0.000
0.000
0.000
0.000
0.000
0.000
0.000
0.000
0.000
1.000
0.029
0.000
0.000
0.000
0.000
0.000
0.000
0.000
0.000
0.000
0.000
0.000
0.012
0.000
0.000
0.000
0.000
0.000
0.000
0.000
0.000
0.000
0.000
0.000
0.000
0.000
0.037
1.000
0.627
0.154
1.000
0.349
1.000
1.000
0.608
1.000
0.000
0.000
1.000
0.000
0.000
0.000
0.000
0.000
0.000
0.000
0.000
0.000
0.000
0.000
0.000
0.000
0.000
0.000
0.000
0.037
0.326
0.000
0.000
0.000
0.000
0.000
0.000
0.000
0.000
0.000
0.002
0.000
0.000
0.000
0.000
0.000
0.000
0.000
0.000
0.026
0.000
0.000
0.041
0.184
0.234
0.000
0.000
0.000
0.000
0.000
0.000
0.000
0.000
0.000
0.000
0.000
0.000
0.000
0.275
0.893
0.565
0.042
0.000
0.000
0.009
0.000
0.000
0.000
0.000
0.000
0.000
0.000
0.000
0.000
0.000
0.000
0.000
0.000
0.000
0.000
0.000
0.000
0.000
0.000
0.175
1.000
1.000
1.000
1.000
0.028
0.000
0.000
0.000
0.000
0.000
0.000
0.000
0.000
0.000
0.000
0.000
0.000
0.000
0.875
0.584
0.009
0.000
0.000
0.000
0.000
0.000
0.000
0.000
0.000
0.000
0.000
0.000
0.000
0.000
0.116
0.632
0.405
0.000
0.000
0.000
0.000
0.000
0.000
0.000
0.000
0.000
0.345
0.000
0.000
0.000
0.009
0.000
0.000
0.000
0.000
0.052
0.603
1.000
1.000
1.000
1.000
1.000
0.642
0.230
0.202
0.000
0.139
0.000
0.000
0.000
0.000
0.000
0.000
0.000
0.000
0.070
0.000
0.000
0.000
0.248
0.269
0.438
0.473
1.000
0.027
0.000
0.016
0.065
0.297
0.000
0.000
0.000
0.000
0.205
1.000
0.000
0.000
0.000
0.315
1.000
1.000
1.000
0.348
1.000
0.000
0.000
0.074
0.000
0.000
0.000
0.000
0.000
0.000
0.000
0.000
0.000
0.000
0.000
0.000
0.000
0.000
0.000
0.119
0.000
0.000
0.000
0.000
0.000
0.000
0.024
0.000
0.000
0.000
0.000
0.000
1.000
1.000
0.000
0.000
0.000
0.000
0.000
0.810
1.000
0.000
0.230
0.000
0.000
0.088
0.072
0.000
0.000
0.000
0.000
0.007
0.000
0.000
0.000
0.000
0.000
0.000
0.000
0.011
0.000
0.000
0.000
0.000
0.000
1.000
0.000
0.000
0.033
0.000
0.635
0.000
0.000
0.004
0.000
0.003
0.000
0.000
0.000
1.000
0.000
0.000
0.040
0.043
0.000
0.000
0.000
0.000
0.000
0.372
0.006
0.000
0.117
0.081
0.000
0.000
0.000
0.000
0.000
0.000
0.000
0.000
0.000
0.000
0.000
0.000
0.000
0.000
0.000
0.000
0.005
0.000
0.000
0.000
0.000
0.000
0.000
0.000
0.000
0.000
0.000
0.000
0.000
0.000
0.000
0.000
0.000
0.000
0.000
0.000
0.000
0.000
0.000
0.000
0.000
0.000
0.000
1.000
0.000
0.043
0.000
0.000
0.000
0.000
0.000
0.000
0.000
0.000
0.000
0.045
0.000
0.000
0.053
0.000
0.000
0.000
0.552
0.000
0.000
0.042
0.000
0.000
0.000
0.000
0.000
0.000
0.000
0.000
0.000
0.000
0.000
0.000
0.000
0.000
0.000
0.000
0.000
0.000
0.000
0.000
0.000
0.000
0.000
0.000
0.000
0.000
0.000
0.000
0.000
0.000
0.000
0.000
0.000
0.000
0.000
0.000
0.000
0.000
0.000
0.000
0.000
0.000
0.000
0.000
0.000
0.000
0.000
0.000
0.044
0.000
0.000
0.060
1.000
1.000
1.000
1.000
0.143
0.064
0.077
0.258
1.000
0.000
0.000
0.000
0.000
0.000
1.000
1.000
0.035
0.048
0.053
0.083
0.000
0.000
0.000
0.000
0.036
0.000
0.000
0.157
0.000
0.000
0.000
0.000
0.000
0.000
0.000
0.179
0.000
0.000
0.000
0.000
0.000
0.000
0.000
0.000
0.000
0.007
0.000
0.000
0.000
0.000
0.000
0.324
0.000
0.000
0.000
0.000
0.000
0.000
0.000
0.000
0.000
0.000
0.000
0.000
0.000
0.000
0.000
1.000
0.000
0.000
0.000
0.000
0.000
0.000
0.000
0.000
0.000
0.000
0.000
0.000
0.000
0.000
0.013
0.000
0.000
0.000
0.000
0.000
1.000
0.000
0.000
0.000
0.000
0.000
0.000
0.000
0.000
0.000
0.000
0.000
0.000
0.000
0.000
0.000
0.000
0.000
0.000
0.000
0.000
0.000
0.000
0.000
0.000
0.000
0.000
0.000
0.000
0.000
0.000
0.000
0.000
0.000
0.000
0.000
0.000
0.186
0.000
0.000
0.000
0.000
0.086
0.000
0.000
0.000
0.000
0.000
0.001
0.000
0.000
0.000
0.000
0.000
0.000
0.000
0.000
0.000
0.000
0.000
0.414
0.773
0.000
0.000
0.000
1.000
0.000
0.000
0.000
0.000
0.000
0.000
0.000
0.000
0.000
0.000
0.000
0.000
0.000
0.000
0.000
0.000
0.000
0.000
0.000
0.717
1.000
0.384
0.000
0.000
0.000
0.010
0.310
0.000
0.444
1.000
0.000
0.000
0.000
0.000
0.215
0.000
0.000
0.000
0.785
0.683
0.000
0.000
0.001
0.000
0.000
0.000
0.000
0.000
1.000
1.000
1.000
0.834
0.815
0.039
1.000
0.081
0.000
0.000
0.000
1.000
0.000
0.000
0.000
0.000
0.000
0.000
0.000
0.000
0.137
0.000
0.000
0.000
0.000
0.000
0.000
0.707
1.000
1.000
1.000
1.000
1.000
0.260
0.016
0.105
0.152
0.169
0.000
0.000
0.000
0.000
0.111
0.964
0.000
0.000
0.000
0.000
0.000
0.000
0.000
0.000
0.000
1.000
0.116
0.036
0.697
0.009
1.000
0.000
0.000
0.000
0.000
0.000
0.000
0.000
0.000
0.000
0.000
0.000
0.000
0.152
0.000
0.000
0.000
0.074
0.000
0.000
0.029
0.000
0.000
0.000
0.000
0.000
0.000
0.000
0.000
0.000
0.000
0.000
0.000
0.000
0.304
0.985
1.000
1.000
1.000
1.000
0.784
0.000
0.000
0.000
0.035
0.000
0.000
0.156
0.000
0.000
0.197
0.810
1.000
0.000
0.000
0.000
0.000
0.000
0.000
0.000
0.028
0.000
0.000
0.000
0.000
0.000
0.000
0.449
0.218
0.625
1.000
0.683
0.252
0.702
0.147
0.560
0.000
0.088
0.016
0.000
0.017
0.000
0.000
0.000
0.000
0.000
1.000
0.064
0.000
0.000
0.000
0.097
0.000
0.004
0.260
0.000
0.000
0.069
0.253
0.000
0.000
0.000
0.154
0.000
0.000
0.000
0.000
0.000
0.038
0.000
0.000
0.000
0.000
0.274
0.067
0.000
0.000
0.000
0.000
0.000
0.000
0.236
0.000
0.000
0.008
0.000
0.000
0.002
0.000
0.000
0.000
0.000
0.000
0.000
0.000
0.000
0.000
0.000
0.000
0.000
0.000
0.000
0.000
0.000
0.000
0.000
0.000
0.000
0.000
0.000
0.000
0.000
0.000
0.000
0.000
0.449
0.000
0.000
0.000
0.000
0.000
0.000
0.000
0.011
0.000
0.000
0.000
0.000
0.000
1.000
0.069
0.000
0.000
0.000
0.000
0.000
0.000
0.000
0.000
0.000
0.000
0.000
0.000
0.000
0.000
0.000
0.000
0.000
0.000
0.000
0.000
0.101
0.000
0.000
0.000
0.000
0.000
0.000
0.000
0.000
0.000
0.000
0.000
0.000
0.000
0.000
0.000
0.000
0.000
0.000
0.000
0.000
0.000
0.000
0.000
0.000
0.000
0.000
0.000
0.000
0.000
0.000
0.000
0.000
0.000
0.000
0.000
0.000
0.000
0.007
0.000
0.000
0.000
0.000
0.000
0.000
0.351
0.000
0.000
0.000
0.000
0.000
0.000
0.000
0.644
0.000
0.000
0.000
0.000
0.000
0.023
0.000
0.000
0.000
0.000
0.000
0.000
0.000
0.044
0.704
0.327
0.261
0.000
0.001
0.000
0.000
0.000
0.000
0.000
0.000
0.000
0.000
0.000
0.000
0.000
0.000
0.000
0.000
0.000
0.000
0.000
0.000
0.000
0.000
0.000
0.000
0.000
0.021
0.007
0.000
0.000
0.000
0.000
0.000
0.000
0.000
0.000
0.000
0.000
0.063
0.036
0.000
0.000
0.002
0.000
0.000
0.000
0.000
0.000
1.000
0.000
0.000
0.000
0.743
1.000
1.000
1.000
0.705
1.000
0.460
0.802
0.000
0.000
0.000
0.000
0.000
0.000
0.000
0.000
0.000
0.000
0.000
0.000
0.000
0.000
0.000
0.000
0.000
0.000
0.000
0.000
0.000
0.000
0.000
0.000
0.000
0.000
0.000
0.000
0.000
0.000
0.000
0.000
0.000
0.000
0.000
0.000
0.000
0.000
0.000
0.000
0.000
0.000
0.000
0.000
0.000
0.000
0.027
0.008
0.000
0.000
0.000
0.000
0.000
0.000
0.000
0.000
0.000
0.000
0.000
0.000
0.021
0.000
0.000
0.000
0.000
0.000
0.000
0.262
0.000
0.000
0.000
0.000
0.155
0.000
0.000
0.000
0.000
0.000
0.000
0.000
0.414
0.000
0.000
0.000
0.000
0.000
0.000
0.000
0.000
0.000
0.000
0.000
0.000
0.000
0.000
0.000
0.000
0.000
0.000
0.004
0.000
0.000
0.095
0.000
0.000
0.000
0.000
0.000
0.000
0.000
0.000
0.000
0.003
0.000
0.000
0.000
0.000
0.000
0.000
0.000
0.160
0.102
0.084
0.000
0.000
0.125
0.000
0.000
0.000
0.000
0.000
0.000
0.000
0.003
0.000
0.000
0.000
0.124
0.000
0.000
0.000
0.000
0.016
0.007
0.000
0.000
0.000
0.000
0.000
0.000
0.000
0.000
0.002
0.000
0.000
0.000
0.000
0.000
0.000
0.000
0.000
0.000
0.000
0.000
0.000
0.000
0.000
0.000
0.000
0.000
0.000
0.000
0.000
0.000
0.000
0.000
0.000
0.000
0.143
0.526
0.031
0.000
0.000
0.000
0.000
0.000
0.000
0.000
0.000
0.000
0.000
0.000
0.000
0.000
0.000
0.000
0.000
0.000
0.000
0.000
0.020
0.000
0.000
0.000
0.000
0.000
0.003
0.000
0.000
0.000
0.000
0.000
0.000
0.000
0.000
0.000
0.000
0.000
0.000
0.000
0.014
0.000
0.000
0.000
0.000
0.000
0.000
1.000
0.000
0.000
0.000
0.000
0.000
0.000
0.000
0.000
0.000
0.000
0.000
0.000
0.000
0.000
0.000
0.091
0.000
0.000
0.000
0.000
0.000
0.000
0.831
0.000
0.000
0.000
0.000
0.071
0.000
0.000
0.000
0.000
0.268
0.000
0.000
0.000
0.002
0.000
0.066
0.000
0.000
0.000
0.000
0.000
0.000
0.000
0.000
0.000
0.286
0.000
0.000
0.000
0.000
0.102
1.000
0.000
0.000
0.000
0.113
0.000
0.000
0.000
0.000
0.000
0.000
0.000
0.000
0.000
0.000
1.000
1.000
1.000
1.000
0.175
1.000
0.008
0.000
0.000
0.000
0.077
0.024
0.104
0.307
0.076
1.000
1.000
0.835
1.000
1.000
0.000
0.000
0.000
0.000
0.000
0.000
0.000
0.000
0.000
0.047
0.000
0.075
0.000
0.000
0.000
0.000
0.000
0.000
0.000
0.000
0.000
0.000
0.000
0.000
1.000
1.000
0.000
0.000
0.000
0.000
0.000
0.000
0.000
0.000
0.000
0.000
0.000
0.000
0.000
0.120
0.000
0.000
0.000
0.000
0.000
0.000
1.000
0.000
0.000
0.000
0.000
0.063
0.030
0.000
0.000
0.000
0.000
0.000
0.000
0.000
0.000
0.000
0.000
0.000
0.000
0.000
0.000
0.000
0.036
1.000
0.000
0.014
0.000
0.000
0.000
0.000
0.000
0.000
0.000
0.000
0.000
0.000
0.045
0.000
0.636
0.000
0.000
0.000
0.000
0.000
0.000
0.000
0.000
0.000
0.000
0.000
0.000
0.000
0.000
0.000
0.000
0.000
0.000
0.000
0.000
0.000
0.000
0.000
0.000
0.000
0.000
0.000
0.000
0.000
0.639
0.713
1.000
1.000
0.499
0.000
0.000
0.000
0.000
0.000
0.000
0.000
0.000
0.000
0.000
0.000
0.075
0.000
0.000
0.000
0.000
0.000
0.008
0.000
0.000
0.000
0.048
0.000
0.083
0.000
0.000
0.037
0.838
0.037
0.000
0.145
0.000
0.000
0.000
0.000
0.000
0.000
0.000
0.000
0.000
0.000
0.000
0.025
0.000
1.000
0.024
0.014
0.000
0.000
0.000
0.000
0.000
0.004
0.008
0.000
0.000
0.000
0.000
0.000
0.000
0.069
0.000
0.473
0.284
0.175
0.000
0.057
0.196
0.000
0.000
0.000
0.000
0.000
0.000
0.000
0.000
0.000
0.000
0.000
0.117
1.000
0.000
0.000
0.235
0.000
0.000
0.000
0.000
0.000
0.000
0.000
0.000
0.000
0.000
0.000
0.000
0.000
0.000
0.000
0.000
0.008
0.000
0.000
0.000
0.000
0.000
0.000
0.000
0.000
0.000
0.000
0.000
0.000
0.000
0.000
0.000
0.000
0.000
0.000
0.000
0.000
0.000
0.000
0.000
0.000
0.000
0.000
0.000
0.000
0.000
0.000
0.000
0.000
0.000
0.000
0.000
0.148
0.446
0.000
0.000
0.000
0.015
0.000
0.000
0.000
0.000
0.000
0.000
0.000
0.000
0.000
0.000
0.000
0.000
0.000
0.000
0.000
0.000
0.000
0.000
0.000
0.000
0.901
0.188
0.000
0.000
0.000
0.000
0.000
0.000
0.000
0.000
0.000
0.000
0.000
0.000
0.000
0.000
0.000
0.000
0.000
0.000
0.000
0.000
0.000
0.000
0.000
0.000
0.000
0.000
0.000
0.000
0.000
0.000
0.000
0.000
0.000
0.000
0.000
0.000
0.000
0.000
0.000
0.000
0.000
0.000
0.052
0.909
1.000
1.000
1.000
1.000
0.131
0.068
0.021
0.000
0.000
0.099
0.000
0.000
0.000
0.000
0.000
0.000
1.000
0.041
1.000
0.000
0.000
0.000
0.000
0.008
0.000
0.000
0.000
0.000
0.000
0.000
0.000
0.000
0.000
0.000
0.000
0.000
0.000
0.000
0.000
0.000
0.000
0.000
0.000
0.000
0.000
0.000
0.000
0.000
0.000
0.000
0.000
0.000
0.000
0.000
0.000
0.000
0.000
0.000
0.000
0.000
0.223
0.000
0.000
0.000
0.000
0.000
0.000
0.000
0.000
0.000
0.000
0.000
0.000
0.000
0.000
NaN
NaN
NaN
NaN
NaN
NaN
NaN
NaN
NaN
NaN
NaN
NaN
NaN
NaN
NaN
NaN
NaN
NaN
NaN
NaN
NaN
NaN
NaN
NaN
NaN
NaN
NaN
NaN
NaN
NaN
