1.0
1.0
0.5046750922297596
0.45370191615261807
0.21371320991322432
0.325240830415884
0.2846365142552208
0.19344085128241864
0.11158076455147607
0.2280597240230421
0.33381908860386567
0.24997116308269482
0.2070934366163889
0.15024743309361485
0.21833432408311884
0.09883655856314925
0.2794287850344226
0.5405194464058926
0.3181805645745633
0.34181511332951475
0.3069238406151408
0.3683655964541045
0.2158669421237806
0.5895422700053868
0.27346232722131525
0.3199962868251963
0.19174766397503057
0.15481035804332618
0.09949404990750331
0.199014516836299
0.063384775610346
0.17115087560783623
0.06133080619034047
0.028510376309064826
0.18773582982841744
0.1375067084173206
0.2571322383948621
0.17192875939209065
0.333658846167731
0.1676364180694527
0.3182146565669103
0.20844310708443106
0.3001786961815674
0.4796567239207424
0.2182064440442258
0.1832426789419499
0.054494929956714
0.04275756042757561
0.14351414582247699
0.19421115265889002
0.15516548368390143
0.024734057139636268
0.1685827026725443
0.07862922712796937
0.1881481339934872
0.177561723648151
0.07405086336073494
0.0919383418162444
0.14054754468735464
0.23331152460907542
0.11087590639995837
0.12477207551621969
0.1983513701070953
0.10446513607767646
0.0719622544170263
0.06308209029654549
0.2733817831476109
0.07294859392481304
0.08023261327507006
0.18943088338684613
0.29802858145783606
0.6166743868485042
1.0
1.0
1.0
1.0
0.1532178584606627
0.37180998758148837
0.5849095533596238
0.14272863272486416
0.23536481212043653
0.11956873160300235
0.22405464874939565
0.2749141340126792
0.0994227719403501
0.18262069840260767
0.14499833813311025
0.10487854409515938
0.23572931666069627
0.05001572524102183
0.2974196723616677
0.05444838369590998
0.10856411827314118
0.05841565297077529
0.08947124702189707
0.22866597805844785
0.0896280083818354
0.4079056392595781
0.3180853710888901
0.31774881131508226
0.29140144814561664
0.36141418540911435
1.0
0.3593852724498411
0.08380368913510643
0.17721514940397215
0.08955184506509992
0.1816541531641679
0.06094402001750725
0.2648625568359347
0.14578977741262109
0.15166647701526376
0.1308617168276689
0.0417183300371726
0.16910625143860808
0.22773651760696556
0.08548330237897409
0.09560076476995882
0.12753932116928074
0.2558281699720831
0.11565443207823392
0.13499468998961847
0.14418606553577418
0.2167865854908472
0.05620644372645719
0.2237393165678576
0.1318521601965408
0.08562730336002115
0.06287892508763071
0.08512515689512953
0.887387153359125
0.5939392108826501
0.34450173909184556
0.7609070561406557
0.24811211350315146
1.0
1.0
0.356287926149355
0.991878236789697
0.30429307251027454
0.18462883607290265
1.0
0.16289029972515967
0.06243924793337737
0.04425651785036659
0.15780818238397637
0.10685660495661216
0.18604642262062832
0.18650765341708006
0.18998973761012464
0.16726285908152963
0.09307612297165765
0.07345299678104159
0.04068476844881797
0.05871385877239051
0.10283316800450343
0.06143313040543184
0.1170907471872414
0.5842518703735498
0.5040635658112343
0.32922187768696165
0.09998053907649979
0.11035504401922097
0.037844816222481266
0.9896668529638953
1.0
0.11288778144491629
0.13605221151250063
0.09908415343669187
0.06749524587041195
0.08467779905403666
0.2922623087996873
0.03817309577458039
0.4751125374928163
0.034538009475465745
0.061267216181316975
0.08758014514531622
0.028387217285012423
0.06218057284425476
0.18900991371901196
0.12413570843524051
0.08380585303588955
0.2660810541718209
0.2232885637524603
0.05901887797282828
0.07720183134811917
0.08709668412922435
0.01230527835848948
0.027820423765732582
0.05052596897145899
0.01230527835848948
0.01230527835848948
0.04111231245823969
0.08238668367468858
0.018438550876879456
0.04739933571564537
0.19712730111332716
0.3357902031519603
0.5780765640126413
0.2999322320291731
0.05233760489451007
0.01230527835848948
0.01230527835848948
0.01230527835848948
0.01977486700511411
0.01693199793227462
0.043129704805516846
0.03403971884443166
0.026000824611278388
0.018859495819898993
0.01618426272157417
0.01230527835848948
0.01230527835848948
0.03526607677748324
0.05335564919097007
0.0765869095402299
0.022103371362410865
0.04555507617939531
0.1399407206005164
0.10575158825233137
0.09354775691669988
0.0481948679351371
0.14614149874535495
0.16227022539492136
0.38643230110933263
0.6695046627353206
0.6732176733087045
0.27914915616661334
0.05995014311298012
0.06253896122226577
0.0891041438175102
0.056516456271763604
0.026245875621526308
0.12006357676042345
0.12979175201078488
0.09802935667213407
0.08888670463570578
0.027153761334929055
0.04733872761624442
0.029852131041279418
0.25818240469544346
0.6286841565687867
1.0
1.0
0.04579249016215652
0.020015213366439147
0.01312160164064998
0.01230527835848948
0.047614348762929644
0.036525649561953186
0.07285681979179615
0.03595873260644616
0.01230527835848948
0.01230527835848948
0.01915272010098394
0.018797770708257215
0.01843237127764314
0.08564387130920319
0.5624536230693573
0.5987706779644746
0.33664732388025764
0.06589336619612374
0.02409848579794688
0.025077528551524033
0.027237626337916526
0.030499118265073955
0.037365660020369056
0.026887827127708593
0.0775446325181459
0.12342551686361296
1.0
0.0451641154863366
0.03449482244384354
0.019749897299683284
0.09157451877834491
0.07743256496365036
0.03554559739334724
0.06380581838928798
0.11620740099487656
0.12252249188920565
0.7035875671984081
1.0
1.0
1.0
1.0
1.0
0.41776307033604093
0.14531305184796653
0.03818216243266117
0.06787095821881653
0.09068880103901097
0.1211527198327045
0.20905227241474145
0.08967290143300662
0.14154801638127867
0.07609994778826532
0.06139195861044679
0.1884702572406909
0.048303730896649875
0.09939016471021826
0.13003012705222222
0.05325370963950102
0.05271859736112069
0.27581935012730774
0.28788108724345857
0.6973189199485689
0.5374869483909903
0.9576215900566473
0.10259594571444526
0.04486912552987142
0.04792502687768777
0.13930696420234687
0.32051540760588715
0.04429685471132429
0.04735365894424591
0.09534253654548036
0.46330243484668543
0.3607907487693443
0.9950621998040511
0.06449227092419231
0.04483184529979542
0.0252427994104623
0.12603180141478657
0.9682390205925149
0.7165375056642422
1.0
0.1445403726614272
0.9603981051942057
0.042455760345032234
0.01230527835848948
0.01230527835848948
0.023985853167718722
0.01230527835848948
0.01230527835848948
0.06858857878269028
0.01848976708400804
0.017552429439094654
0.04484418655763224
0.01230527835848948
0.02065223916623511
0.014826400125642082
0.10749552242026139
0.049683637398500076
0.12196295324747392
0.03747330928068112
0.02162465288130403
0.04746581691915723
0.07551004213217925
0.01230527835848948
0.04109723266734568
0.059649148513257484
0.027585441520294362
0.021469545541571967
0.03654683487480654
0.03195334639204102
0.03630182527080009
0.03800327873992847
0.050876995098569675
0.11874661574402517
1.0
1.0
0.22685865451662723
0.12566501254778817
0.09555176170094004
0.14010618669152688
0.2785512107890674
0.4645262113403503
1.0
0.09631414321122127
0.14471815882940198
0.04051330153390237
0.028963904086846844
0.02359083491992322
0.07988588001207673
0.024027169885584607
0.04346530543465305
0.12513716915985731
0.03649885694090881
0.05829039828737508
0.042692749341379316
0.01652587133713371
0.03205807273679561
0.025618705898645157
0.020129438726711222
0.03582340562453529
0.020362962740243087
0.07439063671915873
0.12346275713529622
0.05578227807528284
0.025764651058108236
0.23664236415432965
0.08221736154220816
1.0
0.11469442302228214
0.032170802916377354
0.024598515183280885
0.118542626074688
0.29030190875104517
0.03851396652520661
0.5923685607907153
0.04335514543189856
0.04757002487931603
0.021431727772574623
0.05042836426911146
0.028735751506879147
0.03838862248253676
0.8461882475992494
0.07230206204520846
0.06925274785164505
0.0791623725372694
0.08802746262087023
0.06514218573268789
0.043561208290478465
0.0762443134410823
0.1295809418270594
0.0858147762058768
0.3764378756691808
0.08441405214919276
0.10566251303772922
0.20288672317764628
0.0880305357871951
0.25224146111813595
0.11683701123104694
0.14785308394929436
0.13275529731542954
0.037891562827024806
0.16305676506625794
0.10737517569523276
0.041476696689276775
0.08478669435758823
0.10007199621731544
0.1261697390801268
0.09383317260055192
0.2961360502222223
0.17834209994742514
0.43854940851227975
0.06881237529617508
0.037516274020809454
0.05832038984399239
0.023575184903391493
0.026781980963296134
0.04855301289516868
0.04339290771366958
0.044816313010175426
0.11225412157517507
0.059382310453026846
0.07946559254386241
0.2233751457278417
0.04417704029597356
0.08501230336334595
0.03216123830177352
0.01230527835848948
0.02517798281534638
0.0824642184594151
0.029602666555529084
0.019684946393049543
0.2779182627779132
0.026390994670425282
0.2802178120564428
0.17632283036865237
0.05769814327069835
0.045763951395139515
0.16392763143925837
0.21153115311531154
1.0
0.15530438317562129
0.13857512277852113
0.12027998274408692
0.07778091038675852
0.06635950194554699
0.07346248805856853
0.12202552887069056
0.05340972328828123
0.03966016968927162
0.08074642050671231
0.0343307700494194
0.03980286685254318
0.10439519712635115
0.14825025656361873
0.08185222241254597
0.15319676813266364
0.05915481036290297
0.2899101116602723
1.0
0.21777687740625293
0.14418174242758666
0.13254608714810653
0.20563401379964208
0.08403940714564896
0.04020049063729902
0.03311120964561372
0.14442238392036916
0.036197844383368816
0.04273356628592152
0.0228531346022184
0.025186823210554862
0.01230527835848948
0.01230527835848948
0.042641730121314086
0.04499571828584592
0.06512901710025452
0.06552593305398847
0.08527571682140218
0.028803413165944928
0.01230527835848948
0.01230527835848948
0.05080442542070801
0.012432851448410146
0.03872935914309145
0.0567651494781197
0.03803605006868464
0.05578070477304303
0.038755316183043294
0.036104882712688496
0.1080348006815607
0.077365710808161
0.3575445162842676
0.07784920919373782
0.05332718145764156
0.08122416283544522
0.05204660409886119
0.11470283946605234
0.0805608623223124
0.11672813996728139
0.14094840799136357
0.07692596952891047
0.14039477263398997
0.056931231400652024
0.0906163771034397
0.2800273845333798
0.03514754656606042
0.13779998519880096
0.018654063054681726
0.03173427213717168
0.0864863317677594
0.08143110275153075
0.11689195935557534
0.18725266950697333
0.13946022095975183
1.0
1.0
1.0
1.0
0.25440888195145317
0.13586667922847648
0.20056796742390776
0.3630758598247884
1.0
0.1212432891580605
0.10684547391786985
0.10444934497464198
0.15200094077372103
0.17030226039254268
1.0
1.0
0.24657642855931286
0.03502815782958241
0.057704303408032356
0.06722307876248154
0.14219013644483713
0.06886085026447922
0.1150022665366295
0.11168729221273212
0.08360256135961529
0.20124082805092727
0.09106492901324441
0.3630327358623698
0.37932352400096137
0.07993049278014247
0.16205834245905967
0.27859208693781146
0.14973082942437901
0.14329079869859307
0.1512416667719661
0.2299799698279687
0.10802904220383126
0.04118508119065016
0.03765227388678572
0.09315072086995094
0.1659240005760277
0.08068950793358139
0.14566774979885255
0.30312842424932634
0.15173747060404572
0.10800246981652631
0.0649882976720964
0.0420116305471269
0.10035888243271297
0.10495936692763193
0.09667100362730884
0.5139843686924201
0.07649680066805963
0.3950959417060898
0.10233464685161607
0.08722833221906907
0.05598839453837856
0.03392462521405206
0.05522706200454149
0.04619372743834707
0.2771723356633002
0.37517820494989856
0.05751343012378612
0.08667590073107562
0.053152624398860406
0.06647143309614839
0.4440016429733152
1.0
0.09781915642410988
0.02490555177966776
0.02772591833197675
0.017629409818232567
0.051062935240892504
0.06682946013873238
0.08777530868946296
0.05533413276181038
0.04944143218197363
0.01613614519950275
0.03144696790231631
0.05058847138738096
0.07204282688560341
0.03908397409233841
0.07427744283037782
0.02324271388867216
0.0707236780038456
0.04313294541008901
0.11468556494203637
0.078959616620781
1.0
0.15658381792209977
0.1802559717005932
0.10785988566882716
0.025627196742894886
0.061621330390196224
0.03287682676127899
0.035920384491279315
0.023192407285470777
0.024500307013691523
0.03511920871778608
0.04509292571485887
0.06844375254660315
0.03990415686658364
0.054114748433380065
0.029538873204620692
0.01599712036357795
0.024588703623349095
0.03017881708910653
0.039004158164808615
0.02616161025199675
0.1401408719110834
0.04754017781915177
0.048832271898369035
0.04199316331234661
0.04874544353439612
0.03781361324044726
0.03771462472411101
0.0363265513830535
0.024186933091954025
0.024296686617045142
0.021564945875118483
0.014810172672146987
0.01230527835848948
0.01230527835848948
0.013429601989544326
0.021969337215005307
0.01230527835848948
0.04699145247748405
0.04235553336030711
0.024858938559797216
0.022812183179102222
0.04293595800716742
0.04066534815370238
0.017007529898718513
0.01230527835848948
0.03391658618038621
0.015303700788085238
0.01230527835848948
0.037170399019918074
0.03246555897063103
0.017848638256536306
0.031661826196874854
0.01230527835848948
0.021753938371310195
0.01230527835848948
0.04584873085307789
0.0663202180873825
0.043628300330033
0.11007055839719031
0.3432947850305435
0.8589405508388416
0.11309586404184972
0.018930530772666262
0.13589606851665048
1.0
0.07999077218646233
0.02058140949230058
0.01230527835848948
0.015471599984053666
0.030472675118652322
0.0383208610716144
0.04556315224661676
0.05147339762945008
0.18284483077581673
0.07313793231032668
0.1430338375685803
0.2272964995486524
0.19017427964701572
0.08563717963491851
0.1779828066279082
0.11133218585016395
0.11954664854240526
0.26385627414805357
0.3507989582228185
1.0
1.0
1.0
0.3613227698763721
0.07202195629399005
0.070060612538192
0.17686382740227333
1.0
1.0
1.0
1.0
0.1576457929079027
0.036603339889639465
0.01983931198455402
0.05017057554123545
0.3335414327884025
0.047677027382954054
0.08927876468006958
0.5691016076696637
0.848154383635759
1.0
0.47308751889198253
0.11008146907537275
0.29065349283019903
0.04168427477718056
0.09811813377790712
0.0757695610362923
0.06823585584364887
0.38591904663689214
0.8896169990830858
1.0
1.0
1.0
0.47527881579571857
0.21571964910809494
0.9066597641339394
0.13263873742044355
0.042585628396670086
0.13976673233448875
0.22010128025972395
1.0
0.053420058987030776
0.018021396990134452
0.03339040633501179
0.013735789163331917
0.08364588655702127
0.10500900128795954
0.08174311121963931
0.09050456942868333
0.11283907053125694
0.07802378598515589
0.05688748675089484
0.09696944143312126
0.14777486006238938
0.1275539000461234
0.23015044077100502
0.3544858773909531
1.0
1.0
1.0
1.0
1.0
0.10083582510793451
0.06099735138938425
0.04161837142861711
0.044731681814798016
0.10027813421321062
0.04325650040984363
0.04382943890091509
0.05635679143904817
0.16927716853191954
0.3158228895218652
1.0
0.04178424130228896
0.014512222888760085
0.028716302041528627
0.043624664941287895
0.043169623084757455
0.04152541093035477
0.06934299390203921
0.09806915514238766
0.16514965493356148
0.4055436977167868
0.48645246781423845
0.6084226875426857
0.34222033985875927
0.06054119621239798
0.5147103769457908
0.17219936925487395
0.09337241692896527
0.16616197318687367
0.2151012991594518
0.06935123738415314
0.04472055606831928
0.058644197375569945
0.027217518695978965
0.032633366184719736
0.05436548327729969
0.08174552256688129
0.12664257388838207
0.09801983163964308
0.06921998708172841
0.0417279403786232
0.056099138909647676
0.04706315129120567
0.0937268795804354
0.037100603695634796
0.03520765099048914
0.08500655292828255
0.09578039025078708
0.027511277139274617
0.07834780260546911
0.04886754439366409
0.06650143275197085
0.06368094629716602
0.04792792107582036
0.0649801581465336
0.029075918500941003
0.04864972892336743
0.11751730728628416
0.1338541395123119
0.3424283921572344
0.9037261980675271
1.0
1.0
1.0
1.0
0.6317151409578771
0.06191005452047413
0.01919409858312635
0.04434552126062578
0.03766393202467245
0.04072164828097063
0.08563243873865616
0.06825114507865754
0.1909838014029439
0.1213189248295985
0.2215441335891398
0.4056848809693386
0.3756875326030455
0.08309538215578587
0.08377652123036196
0.04060116579206667
0.09125167798157412
0.1359963053365042
0.05813455748123936
0.16263029209129629
0.05178475958031926
0.17771578791484746
0.120120389002251
0.11694190873729944
0.16123556674975542
0.07257212850175501
0.04319266839269006
0.5448985607211956
0.12778163276578702
0.27632986235479834
0.5369387398862585
0.7790649617826322
0.44015647700530053
0.7276938777022619
0.2291110945924975
0.44568741667981226
0.05958624031417226
0.0875833167275757
0.055000877632083625
0.07304672913334499
0.03841971456950907
0.08708355001580383
0.06004564009931745
0.03242529248994425
0.06301712052738374
0.5060069084483692
0.215624016389369
0.12724496099995602
0.1457036727951038
0.06155597053004598
0.07955185608042485
0.06548787272384424
0.08553112892719447
0.04331068861353375
0.14681909052007147
0.10773022190889281
0.08845769842930899
0.14298532215426266
0.35095514319012355
0.12070517645665046
0.13212260121991778
0.06216054431755192
0.06101860186018601
0.09702122746674291
0.07193591861231233
0.1104409083442281
0.0875636816268825
0.05913689048545573
0.10276442335312384
0.04144960544388861
0.04563950383874797
0.03147649248427107
0.23892791463673835
0.21926911065637825
0.34894425208764246
0.2442397555023518
0.17821239700375252
0.18998831817675113
0.14948177415676192
0.11410619613207146
0.09278396096631594
0.14053616129081406
0.0924711705838602
0.02650386115223065
0.0328860313880556
0.15762818243745946
0.04972408608876302
0.0156337585610573
0.04184320378749994
0.028545028159047442
0.01385386184954967
0.01390635776506796
0.019206295371592463
0.01230527835848948
0.036269223316551254
0.09687297909931757
0.04928700666080676
0.09081387144925672
0.07171842687416641
0.2366065454826066
0.06288124417364223
0.05758928066027427
0.033063918991235994
0.08324703370909708
0.025621558998386508
0.016649141636217224
0.030089319730382334
0.01230527835848948
0.013417027582446136
0.015248541273831026
0.01230527835848948
0.016909966348226235
0.02057332169998609
0.035011617867388406
0.10605752670624652
0.6221381469733467
0.05523540748659005
0.012572590761743179
0.04509509009564397
0.08290149301230738
0.062425326425090674
0.12291747207507635
0.09722005166438374
0.09593853873576333
0.09847139886402433
0.16100249124217184
0.052526439039616804
0.12110689540117463
0.39660046033479746
1.0
0.25448992199991205
0.10201100485132236
0.08004819556922363
0.029290430966272173
0.024361216896629522
0.036186106024554986
0.04772376130447805
0.04431166363868859
0.026053227368021695
0.09075685208434642
0.0195366393039386
0.017135736976037836
0.27892325961891445
0.058176094670447626
0.024437121458396344
0.05357371918096332
0.13232073852781454
0.1343431381982754
0.07625622369184189
0.19653531508002153
0.1481686494352509
0.22997020563956494
0.13883309572007319
0.08983211831695972
0.06460793138137343
0.03444883428701874
0.0402666698002307
0.02222906374414716
0.03613541380419251
0.03320064603466596
0.1554274855272537
0.04160965418995637
0.08866390932500322
0.016673014550031853
0.022321915615275436
0.059897970480446004
0.027749877968629162
0.12668918248063504
0.07409881768084277
0.06304836400625638
0.04406569978285068
0.05055562460646672
0.01774672922897044
0.03423529999598865
0.05220463977198591
0.03389428527703462
0.0696618287621574
0.18081623036740246
0.027794668508946765
0.21312110421021313
0.050661037396377326
0.13513834235553082
0.11043862650727881
0.11282775847715154
0.1121806476687895
0.06265870690195734
0.2348144416315168
0.5046624412768779
0.09865696054530075
0.11180293505037606
0.2644139413941394
0.10925783616097458
0.08007965082222508
0.08106942702786957
0.17240400340612094
0.15659118650398038
0.5289285160675915
0.2002786026915514
0.04184132698984184
0.026644931812985353
0.030246977968824917
0.06558647484860217
0.11995651010616258
0.13366033139110678
0.5776011198141685
0.4146264495774909
0.07556183282547346
0.06610348534853484
0.18127607087660752
0.18451908140454332
0.16278098281094763
0.3525864688379666
0.05489126164555211
0.03229644389446429
0.16433068051323438
0.13390738189574583
0.050165490857386134
0.2627216921692169
0.5078799715056388
0.6727071806279727
0.4698561424592142
0.680259934025651
0.2683846073850413
0.03920874015112354
0.05894056897949857
0.0850715776971888
0.04664637125265738
0.028460144466128403
0.08305490051026809
0.11672226419259261
0.09033120730883716
0.04994177277119107
0.10909347863313107
0.06114503907912548
0.01569966294639978
0.013665363665160609
0.08327828713695376
0.13606644538019333
0.061122676931082295
0.2801370038233414
0.1614692125251765
0.05749805349208113
0.11825967814722091
0.2612825311308109
0.06089745308084746
0.07854902754119059
0.17552006058238756
0.08491798627611273
0.2087953647925579
0.11194087223865774
0.01230527835848948
0.030799278107790554
0.11613060306030604
0.16966059414140244
0.059266109378561874
0.07307040870062109
0.03771434384602051
0.0254804333516848
0.05208437552641676
0.1838350899776926
0.1391337177979249
0.23679339316275647
0.06398284191388891
0.023092453792028348
0.06248110639010196
0.02994542474302483
0.08489133132002614
0.13262331099986607
0.07208558796053781
1.0
0.32012557987544604
0.2496196720384144
0.409708833150173
0.7046512738565256
1.0
1.0
1.0
0.9825354898045524
1.0
0.8387103718117744
1.0
0.1828405302309925
0.051975283331765314
0.04063959665906431
0.014662792937616664
0.0650926902928682
0.03936018073191587
0.06912525346194427
0.0496422523608293
0.05084227918141293
0.13663909318159942
0.046433667757019605
0.11724459664816891
0.08611334747665453
0.06049615465562797
0.06357646046703273
0.3307631221242964
0.18332577597136826
0.06455176034035327
0.0975026408890889
0.06915054560026615
0.09011784214827369
0.035957390381895334
0.05772029905693272
0.1389987432944561
0.16680613985816672
0.0674083518823689
0.22071372932272307
0.10649588689312074
0.033279964654100234
0.08066168484552734
0.2306037820364822
0.19467715838477753
0.2554223948257622
0.35116890371951803
0.09207932248464558
0.030578939202568493
0.03833436452127468
0.015936550962981782
0.01739767729369099
0.10041366754114013
0.06866093166693718
0.02955456097942501
0.030960812783181062
0.012325194646194406
0.029051343010776862
0.05011546942824467
0.039554331012452364
0.10421596015663391
0.04457062320424341
0.05878730242600076
0.04814192978152534
0.135109021712536
0.05621082607670249
0.01284927277845476
0.036654067214858095
0.03498427022789148
0.020564308196503074
0.04250563979742057
0.08760925398152436
0.07468856407504255
0.09500212946687338
0.11739335393985645
0.12456075171329734
0.06165591055097737
0.048166486477869794
0.14444012254178096
0.07451195217369094
0.516574553796843
0.1099215615226318
0.08097942217977816
0.2502230507826248
0.44317449130238623
0.2159082402470251
0.1858456788999948
0.20880666251370558
0.2449084305415466
0.3173923297722963
0.12570674987043604
0.2057399543988981
0.31775158879803606
0.36042348961719917
0.1890188014785414
0.26757426738689805
0.14172587258725872
0.1523870897373228
0.16119352576968926
0.18442143735585004
0.204731238618774
0.10499610158152636
0.03402443187247356
0.01393349874143306
0.01614741626834439
0.08690972412954893
0.016253765881527778
0.01230527835848948
0.22644990679531726
0.03004995739981963
0.034467960978354924
0.1791099795938865
0.2512556740599596
0.2853045764952949
0.21605439722087127
0.3208235129715912
0.054811335260205485
0.0682277043855383
0.045506881272566115
0.06749398645844258
0.0733419944842955
0.04844785230402739
0.03272224781776906
0.09303620440462047
0.04808630116743018
0.050416751519711554
0.07843453148244556
0.07156253841581903
0.030177678093896345
0.07488459567467198
0.11926580285279897
0.1659067867571071
0.27325936668212486
0.4102787815839737
0.3420737711696359
0.22296526949992296
0.06841977998338918
0.19736997412104723
0.29917433056842047
1.0
1.0
0.47135141546047177
0.40844891182960813
0.2456754977573249
1.0
0.22479158607144525
0.180207695451299
0.13386813032888303
0.23744358876490265
0.060483555027252625
0.2003979345302951
0.4750587907952806
0.1822028821695921
0.2343645664294303
0.32263352482037194
0.22388919468578117
0.4762970381336877
0.19531986573193783
0.15129688784992937
0.06931239240428896
0.12304505136330508
0.136032895894091
0.16879480831402682
0.08126167134142866
0.1026898421549472
0.026691628153351615
0.2339548644194843
0.09414900086903456
0.06247023389787707
0.5757136538396107
0.09780074329674647
0.0773355538896508
0.12468744289113502
0.21994064849910067
0.15604757197031177
0.29984166152018504
0.1287237840128149
0.11113720829175737
0.15642681036996187
0.18814653241927273
0.0922352934335999
0.06220778455485879
0.28643538444592
0.022629031000092757
0.252537774140458
0.09525547621087452
0.21932953664029997
0.2626952055451867
0.168399715907177
0.25378051415536984
0.581180228794794
0.4210971860291537
1.0
0.23186265301974565
0.13540400981776698
0.22385335620940733
0.10911685956094257
0.08986840106604803
0.21087779243362612
0.08939843824297052
0.07844419941201727
0.2267813791944763
0.03746046725633624
0.1714423288934175
0.19536652280352074
0.15360620977969092
0.27577785598974325
0.2087123370686941
0.14179539171680877
0.12732566889304597
0.19512900487909754
0.1333224530687966
0.1359617277123826
0.1544111563376557
0.25788993993738996
0.1735137216951628
0.09664626334133374
0.15882153473416885
0.12593270710810792
0.11559956754688751
1.0
0.16104744925757733
0.032567459051595006
0.25880119998042256
0.08032234015407462
0.051687609324478086
0.10615619458969576
0.15387109843235236
0.059569290736497915
0.056257493757537295
0.12152357912558931
0.12246384755941682
0.1323462238787603
0.134594580835656
0.4134426717911766
0.24410752472804945
0.18917651131300856
0.1456651653189271
0.18013297485869226
0.42425433629428516
1.0
0.19422637403465332
0.1727027995592352
0.055690345283983804
0.12389533403242092
0.1249567540486106
0.1103135931159447
0.09593453425847714
0.2972400463813764
0.15812129385696044
0.22253706216819508
0.08994043981151933
0.2033979419949544
0.18866074131234745
0.05417359112919006
0.16193835327901346
0.7417620293943021
0.059253508653684846
0.13964718982720783
0.17522919156523725
0.143377199569804
0.09685333775176241
0.07106143951616671
0.45602727556498496
0.15718596120201284
0.047200279840910214
0.0680149292142567
0.24105090294164253
0.13086542696822873
0.18650448315366577
0.24012557189726422
0.19641139289845602
0.10504857832464627
0.23227636313752864
0.27456966532330623
0.06142170523704698
0.12195102794855295
0.06987082601722133
0.1707470607084556
0.10573294293329362
0.13331103845381165
0.1618159020693855
0.04444792181513009
0.033152000741024555
0.06194057698479674
0.06537564799759164
0.054966657976817296
0.09908745987368833
0.13863490488339242
0.36256597579900823
0.0953496623547705
0.0700180406612699
0.13667128478335736
0.14430170251470878
0.11405821488634926
1.0
0.13679976868654606
0.13480136198932455
0.06334903666676575
0.13696927516873023
0.2902818835723898
0.0709059685375449
0.10565307559752876
0.03476272031475949
0.04098007002368473
0.13855995385578543
0.032186333771230424
0.04598900059102623
0.12009961316212911
0.13850946449917612
1.0
1.0
1.0
1.0
0.6648899452552458
1.0
0.10504378447137584
0.13892256359828553
0.03661459588120366
0.04136357145329917
0.26351085584920164
0.11551962317099063
0.12979369192692305
0.2751009043879844
0.3040535101210291
0.7225582009658674
1.0
0.9862516149658503
1.0
1.0
0.13902898194481994
0.04607220694642368
0.14750914343770824
0.2950197296769525
0.057913673004468584
0.18308419953209837
0.2576315049601982
0.09791243515375957
0.07535034855967786
0.08011887181791062
0.0518989677564183
0.1460947803315769
0.22116470787553416
0.18883364832285415
0.03573338528739016
0.30441915816734083
0.09478772779153187
0.08485047532992804
0.045589603044336215
0.05743133480164321
0.07235334698361737
0.03390405289282312
0.045773660174871174
0.11228370938806753
1.0
1.0
0.10696508210804433
0.05318739372298903
0.01230527835848948
0.01230527835848948
0.07937752753082974
0.01230527835848948
0.02606089796652865
0.027749142555955664
0.028829014514184733
0.02486407912022469
0.019448656652154804
0.06821638214049715
0.055632129476073384
0.1661409980833812
0.025810638134732482
0.023208640840985704
0.03568357740634456
0.027537806818290315
0.04263785841070109
0.10003872217242286
0.4084079142021661
0.1471929161451845
0.15751313503443368
0.05628691985965063
0.16610543879070463
0.08908658764800205
0.12208434781514156
0.038733343583878546
0.05379328951242711
0.029419051621213884
0.041400994590546775
0.021528483746078155
0.032988743338031604
0.059057383549643204
0.037659713335227905
0.03176904486049991
0.03241994768679473
0.036314745882625225
0.0306385119284417
0.06460884496798214
0.10712988015968941
0.16867116122591289
0.1130820840468402
0.6192250124782674
0.11742736112339791
0.03429616966380478
0.06653294031405918
0.029835809444016984
0.021259887189415773
0.01230527835848948
0.013650840749576435
0.035066712565501576
0.06804445091842125
0.09124108724236478
0.08782174988385563
0.09629776843757046
0.07573555024111903
0.1342347778113739
0.5568148058285253
0.04769206139470699
0.01230527835848948
0.02143800254535611
0.01230527835848948
0.028172534742263465
0.01230527835848948
0.026496000592247427
0.12089116075546379
0.02387506184666928
0.13205905508877133
0.05082394780078675
0.0217402889269953
0.04251929024739566
0.04893169455206621
0.037115661586097456
0.021117450284384193
0.020378344438436953
0.02780681856349977
0.046250083018114604
0.10287290282803697
0.02799535062273531
0.06077187842214738
0.06735794196981615
0.03464383047167915
0.12477207551621969
0.06855383695539645
0.06547392834521547
0.06250827910731549
0.1298443844595943
1.0
1.0
1.0
1.0
0.6895401991287721
0.4551215907297764
0.03271440974549444
0.11842176310409111
0.34518482953734836
0.035372305881001924
0.046591652539574965
0.025467085198122144
0.02031655142915421
0.02142958339358418
0.03803282063753884
0.08059834747015979
0.06970092603427268
0.05560382660189957
0.023612779882639427
0.01767888669013004
0.16475359559524352
0.022461392935120637
0.8153504382153736
0.27917540917971395
0.30254162579212196
0.039526616917267374
0.14067027714392316
0.11089240284499793
0.11651662771386238
0.10091600201631612
0.04926510168102603
0.1086803759116069
0.19988824890053894
0.09855097953278716
0.08077561932804259
0.06786647769609282
0.09353654002806111
0.027374619814922667
0.01983491961229723
0.02236087882850275
0.029715614641589026
0.11261351172087568
0.04670769444161444
0.21708885345723156
0.044000090308806555
0.09765612090366703
0.10854664081916643
0.13066527549669738
0.29571106933737024
0.7742676367757326
0.11103306267717204
0.06326996644319885
0.06875832050122088
0.019156849919161396
0.05001411103905051
0.14622990125281643
0.05032952161224192
0.05253619532356823
0.026020370095507468
0.09589222857812979
0.03297248190046822
0.05509493332916559
0.03729490096717651
0.03575984905958696
0.10487132494955875
0.1221379776293071
0.1584982717760896
0.27688769249850587
0.28428601478718507
0.38304047361284216
0.38029925968001715
0.1532103433890334
0.27417279072668505
0.029575414388389357
0.012846021444249687
0.01906004049428804
0.017842365304946615
0.16530203151376735
0.07556373369895128
0.1025575563763192
0.14273000460110985
0.19648971165716583
0.06899947958806817
0.1200593036537683
0.2836440462228041
1.0
0.2992496143749846
0.21713373973311662
0.1933991088505305
0.10245264901817903
0.18368210845992222
0.029940073140919066
0.056748598919508696
0.03867574848553156
0.16988632316469054
0.06589299384043346
0.0985448712750402
0.10093562021266456
0.09088571786654252
0.08143481643169029
0.037175142986201413
0.06882792400715125
0.027479508920868992
0.05727706008423192
0.01230527835848948
0.023308798290704112
0.17751502592520046
0.06218343399266979
0.40912185774451365
0.07783580431489888
0.11966460496363918
0.07613993513112235
0.07717838932120527
0.13702297080471854
0.05996817541251598
0.06246454029289184
0.10214598896084504
0.02069776449269193
0.06755394201162457
0.04282504297160722
0.043749351595841805
0.028749739636699176
0.10328905534756788
0.05188900757813552
0.10184274490216497
0.13529815777398932
0.01900115868862141
0.08343421463090679
0.03626760051296176
0.017402014424477183
0.01230527835848948
0.022692656308121346
0.01464651290978867
0.01327508805548988
0.01230527835848948
0.01328713273337384
0.014907164121879157
0.03260595809099214
0.06151369068119564
0.04400983722533327
0.01745920102136312
0.3118770650356961
0.22776125116100698
0.1926740704769642
0.3260245012966248
0.07865416545326953
0.26280789315817277
0.07209241230854127
0.03827976631443305
0.049397518890446385
0.06021445581563955
0.6859751231224516
0.042575877849442105
0.037353441034096865
0.07846987331361777
0.041341593442731896
0.05016201245696612
0.04276956760545473
0.15380869470148018
0.1508416479679661
0.03481382038893156
0.0485589440338394
0.2010752406039083
0.08877435577492766
0.043704783701510645
0.0559661061647566
0.251334642154055
0.47863942238379675
0.5135688914631603
0.5854606806556197
0.1242444774031757
0.04978133226098105
0.028457105800266124
0.031847627141896345
0.0736133086702152
0.04551985454201112
0.07975764789593714
0.14089349368149812
0.15331087511041727
0.040904860405467584
0.040441431291296945
0.04666945419809009
0.06257019059456542
0.01624940575313933
0.01230527835848948
0.02547715460739784
0.01230527835848948
0.02222929549001606
0.10565551872564988
0.018512061241129946
0.04468014542013194
0.04226865848218925
0.16475814608721795
0.08775107098067138
0.024745845468428992
0.01230527835848948
0.05537694845736392
0.015371662317624575
0.01230527835848948
0.01230527835848948
0.01230527835848948
0.01230527835848948
0.043827067318029836
0.019721481816689954
0.022412483427959342
0.037347334537279134
0.027244432186898128
0.07912880265859099
0.20446328642410777
0.08043361154297247
0.04341574408296018
0.285789920405069
0.9659721357549719
1.0
1.0
1.0
1.0
0.16806865110262387
0.04552320368335255
0.0179221499462255
0.0352225786871009
0.038879109149853035
0.0613986109465039
0.06244632772920852
0.0903141095780737
0.12626699126908839
0.0962831455559349
0.09762976297629762
0.400485243387049
1.0
0.895144426281419
1.0
0.15433312931293128
0.05244574044181277
0.05962356335852814
0.055233499725477676
0.04096248764220684
0.059885531932188645
0.0381940089886208
0.03018579531127228
0.34644183655800587
0.03877729189019775
0.03114344344365152
0.014568818657262703
0.03436100235842906
0.01434514742799513
0.012484975310347222
0.024830375715044956
0.014096855816644233
0.01230527835848948
0.1230705698267177
0.019109028340556476
0.01230527835848948
0.020540698198573678
0.01230527835848948
0.021981654600312147
0.11552268585402203
0.02018141743502972
0.01230527835848948
0.023310237268260668
0.014970750023888365
0.01230527835848948
0.01230527835848948
0.01230527835848948
0.01230527835848948
0.01230527835848948
0.01230527835848948
0.01230527835848948
0.01230527835848948
0.01230527835848948
0.01230527835848948
0.01230527835848948
0.01230527835848948
0.01230527835848948
0.01230527835848948
0.01230527835848948
0.01230527835848948
0.01230527835848948
0.01230527835848948
0.01230527835848948
0.01230527835848948
0.01230527835848948
0.013019527290393596
0.01230527835848948
0.01230527835848948
0.01230527835848948
0.01230527835848948
0.01230527835848948
0.01230527835848948
0.01230527835848948
0.01230527835848948
0.01230527835848948
0.01230527835848948
0.01230527835848948
0.01230527835848948
0.01230527835848948
0.01230527835848948
0.01230527835848948
0.01230527835848948
NaN
NaN
NaN
NaN
NaN
NaN
NaN
NaN
NaN
NaN
NaN
NaN
NaN
NaN
NaN
NaN
NaN
NaN
NaN
