1.0
1.0
0.31014988323972287
0.28389207347286405
0.15747436011260502
0.2007277953935858
0.20979691290597796
0.16827577365756582
0.10592215501951603
0.16206223809396889
0.24792353169981424
0.18858578356311242
0.11884842256321489
0.09399502799411281
0.16498978150262317
0.06695517306182505
0.22825463564908263
0.389962731872834
0.2284316866907596
0.26315744969486
0.25147536906994206
0.2953566953558643
0.1850506446802219
0.45747599513335285
0.24675145826891087
0.2837040353974626
0.1767307767918042
0.1225798726362939
0.08864597589244402
0.15496837543442987
0.05854755304423213
0.16007125889034865
0.06343399277289279
0.024100785334439937
0.17553169652927145
0.09907734643989458
0.21295789746243116
0.15926555378082513
0.3595390568608255
0.16695345469698653
0.28727774453487603
0.17889811339140932
0.2816251338456977
0.4731920089612577
0.21199076691330324
0.20260828309707832
0.05676741012904319
0.04639954640443652
0.15712278996190182
0.21679983057062727
0.14476833505058365
0.03295502661651627
0.17205083023078538
0.09728565524377483
0.19938587829173238
0.19449386947799907
0.10917549462078788
0.12010710159765044
0.2097442215278805
0.29495466592014563
0.164339779726128
0.16750074371508386
0.2608064957682964
0.15924241364370056
0.10988947212071135
0.104898628292595
0.32241852810541805
0.12473250959845547
0.1201513011535885
0.27827868613108436
0.4414228998852504
1.0
1.0
1.0
1.0
0.9874675940682182
0.1293870362627645
0.3471462712080028
0.5054438828241523
0.1282935561191819
0.18345036481258534
0.12915526694505985
0.21210406096882534
0.2528727675685354
0.10534906536016825
0.18199806638849353
0.14138800986739694
0.09246260219575227
0.23858143619651323
0.04644079151455721
0.2882408296236669
0.06881118508310302
0.13622424325036386
0.07506872285674993
0.11181007861616224
0.2415199825813382
0.08779632603865745
0.45904231164235365
0.3221573612458659
0.345112358664178
0.33100206268056526
0.43475226666733546
1.0
0.2649509077442479
0.056243651084014135
0.14054980626957153
0.08185179058176142
0.14946635278319093
0.05915949222512774
0.24455808203222598
0.10003746339688371
0.13756960489502143
0.12010885415300984
0.027985565312300578
0.1548851428380855
0.20526362328972234
0.08499625440429281
0.08337658771672792
0.12778031509895993
0.25013428321392583
0.11308664978610625
0.13336942998758455
0.13852348870521058
0.21313914564941355
0.06400059134986504
0.22023358270973967
0.11222327423117728
0.08024195414039867
0.07683338131241779
0.09139286403977062
0.9084315771837478
0.6087647356494797
0.35055546333148324
0.8034841180358939
0.2467739809944532
1.0
1.0
0.342933448215014
0.9165684660613577
0.25663702384986325
0.167099523886871
1.0
0.12752188037375506
0.05361157761971326
0.04181130572209644
0.14342174743038633
0.08318618513828135
0.16204648063609806
0.19213780359923552
0.193438275964328
0.16095750919628957
0.09987844403817456
0.07332806587050257
0.0372422172285043
0.05964651591632655
0.0990989010952915
0.06632183983779151
0.1286353008995218
0.6155007437605948
0.5289082755282271
0.33142173503905886
0.10453273574393432
0.10776309517674647
0.03807356836919001
1.0
1.0
0.09815357605762824
0.11078063809201669
0.0863021488490302
0.05954145883740527
0.06925049523395517
0.24736913212213238
0.03916914396061008
0.40191325653229215
0.02971153644992008
0.04475864925070344
0.07322361485176132
0.02665062941796168
0.055136887305065996
0.15436101136809935
0.10136610750238638
0.07970028801446366
0.2293434201202934
0.19120577361860214
0.0436518943241698
0.06744376193805163
0.06538426366152054
0.012906771674470829
0.021768096476744797
0.048765500609232786
0.010317136708629042
0.010317136708629042
0.029707524772077085
0.078137490994391
0.019655291849656645
0.049480271366277424
0.1624659821722617
0.30649434845712836
0.5118810453064524
0.2502966343469104
0.05182339971901078
0.010317136708629042
0.010317136708629042
0.010317136708629042
0.02304637393436622
0.016659990888814667
0.047292560143596125
0.03012981015474473
0.017401053227109844
0.01700462911497994
0.012207540979063724
0.010317136708629042
0.01041741095550773
0.035868386527752164
0.04214126686425069
0.0799240679664038
0.023402397024328874
0.04862579357985603
0.13783237768550557
0.10569406375382787
0.10516246529500602
0.05366604073706706
0.1374702742608184
0.158080107496669
0.36785042070121904
0.6655914921426328
0.6401269503218974
0.2717958206028214
0.05728128122287629
0.06721326485072222
0.09206649343638083
0.06282063577525232
0.021547895118940657
0.11364562914514897
0.12314357797957066
0.10954861156736705
0.08813691956483201
0.030162363854026868
0.03279681818041959
0.03898270112779697
0.2680390933124629
0.6516525370094522
1.0
1.0
0.03579429821394211
0.01951804302860728
0.010317136708629042
0.011187106282468036
0.0470863783481562
0.03040535697529865
0.0707515321213212
0.040867189747203235
0.017117367161504658
0.010317136708629042
0.020248909480198054
0.020008638897612938
0.02395305065031194
0.08035617680474087
0.6643076603738782
0.7243204653502819
0.35429868985538704
0.07276690814917502
0.03353260727720746
0.03601592471422375
0.030553883230652206
0.037041875678954256
0.03468379083526256
0.032583763430648574
0.10618749614726654
0.19331804336210848
1.0
0.07311305248037561
0.04787914217388067
0.041111492768517915
0.12214284294242367
0.10876763665631052
0.04699152785884494
0.08046900303356605
0.17968681311999132
0.15194118897853856
0.9706234399882953
1.0
1.0
1.0
1.0
1.0
0.34233462089296307
0.10338251566759489
0.03247537420396901
0.0457289538737201
0.07071644988836472
0.10122048901246565
0.18207080409137405
0.0675047805063273
0.10465258369448548
0.06812619276211773
0.05225545425593169
0.14640537551912608
0.04235158858385067
0.09018637408417447
0.1257932986004442
0.04810848420287598
0.05289873421564315
0.2820646478652469
0.2868854418025002
0.6375670399526684
0.49968193433378566
0.8627495884596733
0.07424976143000897
0.04269682865011989
0.04131725467642341
0.11685945329726574
0.2763477231108131
0.040069351925923
0.05153111240809102
0.09217281208332816
0.36300222919618325
0.307431692435897
0.9204173517326262
0.051264620009144786
0.036324701987535304
0.02073739131340514
0.10491110371237614
0.8755865021303519
0.5969573691903924
1.0
0.11782498787701255
0.770367857327411
0.02983641627552416
0.010317136708629042
0.010317136708629042
0.018043216608239755
0.010317136708629042
0.01033962134920531
0.04816072293786077
0.017090664773221253
0.01415610293742323
0.029313880742321514
0.010317136708629042
0.022685443617172778
0.017025435635865345
0.11477950498381204
0.04658949429306909
0.10909459104222566
0.026429910868881395
0.01865758219421345
0.043295855086208326
0.055058808972141354
0.01336076357594112
0.043731282652632104
0.055574224465583126
0.0231225906012878
0.02091617756486865
0.03332960471390606
0.037622464737809815
0.04017560992191219
0.03577342896024728
0.04911651136855988
0.11627156430319302
1.0
1.0
0.19486372503853908
0.10389990298606804
0.07569806923688001
0.12613637382889217
0.2638506537151219
0.4294196897504964
0.9511159380121278
0.0805372702513482
0.11964075714630859
0.04797257403088725
0.022362939184133457
0.02200170047901419
0.08143435685090297
0.029996790483196725
0.041600726513187886
0.11728237734477773
0.0323324076457626
0.056780936691946636
0.04359441228172888
0.016296882638648372
0.033812209788819755
0.019776605802691347
0.0262517550542326
0.03503134577548924
0.02075605822168646
0.07100072926829083
0.13109403729042127
0.05880941064268607
0.030639979346499154
0.2564291289486075
0.07861841446856288
1.0
0.11388843162763342
0.023639948552844906
0.02364323634393428
0.09924728619962332
0.26091529280197595
0.04142015787224925
0.5520026596222078
0.0357363868944099
0.046408404228119135
0.018118424835059817
0.043649413070248916
0.02414039939779784
0.04153687644158169
0.7867584043915272
0.06725001649224355
0.059960293744009026
0.07277480652703128
0.08322491018454774
0.059524741649272135
0.029650378466694244
0.07357051312282763
0.11919740904945321
0.0803637624545357
0.3557469399851846
0.06812778070699611
0.09632297269400061
0.1938277145729403
0.07600574368143018
0.23460514880041267
0.10286216770068898
0.12400577310572596
0.100473580219817
0.03825038130387506
0.1627710881101312
0.08751893877525908
0.0416230204335135
0.07212851580454953
0.09088146976870562
0.11417758138988623
0.08927909647303119
0.29907639238121325
0.16523726147124176
0.41329169869834115
0.05467295818001274
0.03944965082894137
0.04618879939643716
0.023465624348064425
0.02290139946654693
0.04687862672819713
0.050067220081640884
0.047742731019707656
0.11859427694812441
0.05517568828639513
0.08596779143341578
0.23249353845336704
0.04339261664861664
0.08811292640809576
0.03073595518412876
0.013723680562479216
0.029324977889102242
0.09085376802119204
0.03239923726740339
0.024905208980024438
0.29323144060374756
0.030722104355285218
0.31515720903124755
0.2018135714488884
0.0748459365805067
0.04609592176954675
0.18972253360036287
0.2551083275968409
1.0
0.1360363400338801
0.11514551543246306
0.09375100048053776
0.07603010123954869
0.05173667124867339
0.06585999720820307
0.09179009227554268
0.0431035299901717
0.041205182561132876
0.06560951899838777
0.034921714848815684
0.03324576528625767
0.10206620648571901
0.13879595241066398
0.06008596019050615
0.13003206173094617
0.05614965597154717
0.2606907353720106
1.0
0.1537051393893548
0.12647289113121138
0.11248512022423889
0.147467643437709
0.056174597331595216
0.029983686571947055
0.02660641257790829
0.12347004264176935
0.03099790358689167
0.039351781260810355
0.01997803075959684
0.018486950004178507
0.010317136708629042
0.010317136708629042
0.03309471900979237
0.044762277935977555
0.051090070225213266
0.04504656030194436
0.06450195056957324
0.025166059990237636
0.010317136708629042
0.010317136708629042
0.036680930418322336
0.014838172969219784
0.034256849182776515
0.04790499526898708
0.04296352719833069
0.03512586278181728
0.039047823603209963
0.04828379422241699
0.10813865333448841
0.05788929570471598
0.3434454214640309
0.06236940196475959
0.03923936947006338
0.07967998073259318
0.05130670846437
0.1121451257839048
0.09674973423964198
0.13067600544142713
0.1267246090892593
0.07736169566205038
0.148158461820529
0.07317206791233427
0.1186956877139178
0.3517815951121327
0.047632528489137585
0.1665601341736377
0.028613708336055543
0.05549286408954014
0.12470572039744707
0.1456363065809949
0.17364185613347705
0.31092428881283035
0.3138420652504611
1.0
1.0
1.0
1.0
0.3140653887225754
0.18370388962184528
0.24348248767703104
0.41977358773620427
1.0
0.1415084333591001
0.10295724173690735
0.12339341279382034
0.15903017191650934
0.19713193565980253
1.0
1.0
0.1768573052727967
0.03274715901624446
0.04500345239715862
0.056379565098685816
0.12170517133409316
0.06789342503393084
0.09175289021842595
0.08681612259330156
0.0722457285234464
0.16964920906736283
0.0679522935868996
0.28610157481994203
0.2896175108875906
0.06013351746969546
0.13168582210884083
0.2311246557816932
0.11499658017051802
0.12041874901180856
0.11907334335359601
0.16690769076806647
0.08691410012268126
0.03025872112221273
0.0310946107815605
0.08204559164030335
0.12474102979813315
0.07665412603336717
0.11622872122123826
0.2526780405772611
0.1247063187459478
0.08757752463435452
0.05849700372130645
0.03602527245209742
0.09866281358773116
0.10647387324710539
0.08343871964641185
0.4878655001380578
0.07407176990663997
0.35621036459408667
0.09344229486891936
0.07026559989933504
0.052435991522854136
0.03538328100618641
0.05378325131213942
0.039450829025664
0.26399046099270274
0.35318314626247516
0.04143184706857273
0.078634023221232
0.050247041658118954
0.05869818118403066
0.43047642731053004
1.0
0.07180882166075395
0.021902994545456602
0.023050468205391424
0.015040134447081679
0.048295028707892755
0.05409061555462789
0.07541457110152386
0.0427846557638209
0.04852592828374397
0.013466151862833687
0.0240173725637529
0.043135210123760925
0.0577554719663065
0.032116769997635415
0.05082766582113567
0.014533960785031365
0.07767798900267711
0.03578573477811588
0.10421717710036944
0.062289257010267454
1.0
0.14361028606544232
0.1709875163251062
0.08286450527427724
0.02104641939335121
0.05977617913622187
0.029301597247083932
0.031921333874458876
0.020345092977246036
0.02026067937686168
0.02693623913445256
0.049506043294823596
0.057803787466551924
0.034021805238621194
0.039835898621811146
0.026000953925790295
0.011766631040032345
0.023371047048892698
0.024526758528970863
0.045356899555450254
0.028138132958782848
0.1205474147303807
0.051655701153361946
0.04163749404463542
0.04055299067240474
0.05452202147441533
0.04139065243336826
0.03591688845123578
0.04154502101490688
0.017847751512657918
0.024517196341642594
0.016864731877616616
0.010317136708629042
0.010317136708629042
0.010317136708629042
0.01730840019569713
0.025980436273934017
0.013335675610885845
0.030632965623889362
0.03729345074559243
0.024886081186214125
0.026414570887779116
0.04652168198898704
0.0336709823398078
0.023213132065717203
0.010317136708629042
0.028045266014958412
0.019870894134524992
0.010317136708629042
0.02886537281854455
0.045645420086816324
0.02507714356171318
0.03650249126697239
0.020527834788465177
0.019744890616004606
0.010317136708629042
0.04886452519242905
0.06649592968034515
0.048501760104997266
0.11343295218455383
0.5358091470311307
1.0
0.13061771979946993
0.025395030104039026
0.16989741198161193
1.0
0.06297752199225645
0.031155751801478154
0.010317136708629042
0.03797560877476116
0.10484057930533637
0.051481521237089906
0.0525488816098936
0.09541545989869028
0.22918561454389058
0.11046970703494939
0.16042792390570149
0.4129516804140069
0.5069836376706529
0.1757606858723324
0.33052099111631733
0.20396407860143206
0.22364700492859854
0.6078957988986066
1.0
1.0
1.0
1.0
0.3341150306197643
0.10072678415796611
0.12164089517258826
0.1755610489028791
1.0
1.0
1.0
1.0
0.15246301104390372
0.025292848994174798
0.018980516786026153
0.056188439646757106
0.33995163288772245
0.042817629400816674
0.06502634306939128
0.5810202514389521
0.9343417787123979
1.0
0.43777587234428167
0.11130318270773869
0.27935460554009217
0.04022825205186746
0.09625400476675633
0.08037986179850942
0.11199146763753612
0.49646996264184995
1.0
1.0
1.0
1.0
0.4916467583857419
0.22484281529449401
0.9446370257692879
0.1534112805947198
0.05528257073955058
0.15830716377666618
0.24362653446316426
1.0
0.051754154563941134
0.018781207963396242
0.030570009115635816
0.02120091259276031
0.07792997967257768
0.12288161442067236
0.11404899606385556
0.1270884449341547
0.1319874368264825
0.09948854107131146
0.0737429352630065
0.13100836874160435
0.21604618647304483
0.1541580981630917
0.2980282073051332
0.46534940400280855
1.0
1.0
1.0
1.0
0.9716464035003805
0.06579443340685182
0.03922059574060749
0.03382754788371694
0.03440395256055185
0.07171598840577145
0.03455574498667635
0.03294936502588247
0.04240077094833242
0.126922317031416
0.2478786279808718
1.0
0.03236630951287221
0.012568677190422992
0.015305859096220684
0.03373866377267666
0.03153882798547446
0.03996611223618116
0.05135583636457739
0.07179916266761421
0.13830282734319865
0.3335874569817251
0.40062707376656637
0.4940990946990606
0.27587279483631333
0.042812946349690344
0.4191602409154842
0.11863271608003784
0.07465515291948897
0.11792729228845378
0.1607401965818534
0.049777910792309865
0.030906482234887105
0.05228403736709587
0.025993396414892792
0.02799132912431378
0.04929369163572354
0.07069859322577504
0.10605787770649447
0.09412576040570333
0.07275062791287332
0.03035533075767419
0.057227253503156765
0.04666532661782876
0.08516219768050708
0.039134404143350114
0.034808627661197473
0.07632926877554846
0.08842211677708546
0.03158128428994642
0.08358242909722084
0.05121461038757623
0.07682976324059045
0.07081210634836695
0.05394779797262236
0.07147310904195339
0.035634011859650566
0.07175007782882574
0.1375599239070922
0.15769837916775203
0.41967761915842944
1.0
1.0
1.0
1.0
1.0
0.5068832267228025
0.03492676757408804
0.015489039844799126
0.03732028153140889
0.03243130485868461
0.03184442688818375
0.06427997342388576
0.06164870071040211
0.17425069940403268
0.11432320344180671
0.1776444649357602
0.350056410208471
0.3285748449895237
0.06817092141847322
0.06752213312683292
0.034811749833353584
0.07493407473746735
0.10803633034534607
0.0569430108616744
0.13268349690855571
0.03860356199278991
0.15712336236228006
0.10762475373584836
0.11345017780786794
0.16415248771503685
0.07166896023080757
0.03519312091320537
0.5031930944627911
0.101417959581446
0.24085080700804054
0.4980157586968035
0.7085392869261021
0.41880877425467117
0.6799158509321935
0.18488427747004646
0.38938835746279155
0.04615274685324092
0.08011744954196223
0.04908757760455829
0.05782366046425932
0.04629577632504134
0.06810770680244478
0.04424345620795101
0.028040377791443
0.06096393527279237
0.4208202465776013
0.1953470047580891
0.11762361899768899
0.13378374658716605
0.049784830074244495
0.07343717100811106
0.0580232144156324
0.07598296082771053
0.039911257326449255
0.14402146278271455
0.09815653246191398
0.08166570288514369
0.13410422206660982
0.3294022697627932
0.10607138174575811
0.1224905754780003
0.05250520595619482
0.059701264230770504
0.09053173349142088
0.07386465264226792
0.09264011925471709
0.07721725618594473
0.057062478103940065
0.10122318123861059
0.043045972429139635
0.04578213313511074
0.024147179700912378
0.2693609216191989
0.22594678596635992
0.3918614910207108
0.2555651124987929
0.16521502191362575
0.18807726451687581
0.13796917754814664
0.11899900822207601
0.09688812212888856
0.1381780354119111
0.08748608762752567
0.02774019724953881
0.02886443323435171
0.13291172330239764
0.054734019917094874
0.01455833402892756
0.04315033802821606
0.024552947865098762
0.015486382410297315
0.014296670749674589
0.012952676455894445
0.014491208926640856
0.04364375059332748
0.0753645731237999
0.054145649952556975
0.09568003341223608
0.07868601763836666
0.25712279476762756
0.06520318583264069
0.0465940544911324
0.03605717497028662
0.09232039604632564
0.047828907426043135
0.02631446018448645
0.03017303174717341
0.010317136708629042
0.012459950461987885
0.016884297799951938
0.012666439815127774
0.023883761496081547
0.02341304934131935
0.04739359233400685
0.1275035112360267
0.7607527489219992
0.05804729952078034
0.016787202916175623
0.03899405655588991
0.09160703997695811
0.07145552029996738
0.1333749411210551
0.10513584426976143
0.11304479221007972
0.12388632765689814
0.22033919981689729
0.05853270484095856
0.1304244734220969
0.5268572755283005
1.0
0.2348024694674677
0.0851547348201278
0.06854508539763496
0.023549003918880023
0.022850779858151517
0.027330470320821754
0.03485904005051877
0.03718763807913342
0.014955083806697883
0.086122521037318
0.014383381522838709
0.02440081115735614
0.22852161477955343
0.03774944386265518
0.023159672018011838
0.04221587885187572
0.11251785301183038
0.11884032714327392
0.050844051056016554
0.1780633225575303
0.12680833066466649
0.19921174069977446
0.1127844651485045
0.07970858853503233
0.05827584880560707
0.03151526353083952
0.02468558385161297
0.014676056406519967
0.020835426012759818
0.025419498080478543
0.13185672263429096
0.03297900063745222
0.0694156219544918
0.011222923314786077
0.013760872994879039
0.04695816318715853
0.021163424834794962
0.11922352994973964
0.06482279219784154
0.04323853828384674
0.029992729420467868
0.03997236034681334
0.014233807263483054
0.03197859757730213
0.03793744220219192
0.029620665956050413
0.05704547174777481
0.1506633633992989
0.024314291553390887
0.2034023710701782
0.05615077130116383
0.128025128107043
0.0875577816845959
0.0971328876839983
0.11033698690979664
0.061781288904631755
0.22302183146267654
0.500351586728384
0.08922023201503908
0.10692939262518492
0.26385999789529746
0.10365314790537626
0.09446705016492252
0.08537003052746377
0.1662777883262115
0.15212118860581172
0.5150084302325485
0.21305045359900354
0.051041607201814894
0.04731652241027364
0.030038454941113932
0.07346575439452892
0.10341191649753585
0.14947374873680733
0.5921726410771563
0.3887437532709723
0.0679570632621515
0.05813131630202321
0.1655306781550262
0.1990234900183767
0.17488320480758196
0.35214157148952163
0.07289047145857505
0.033513264657950084
0.1657869100084212
0.14641924728930447
0.05321132586543252
0.30916574352583576
0.5541761058646933
0.6544123640884026
0.43955725069741997
0.6936181058025515
0.28732171617908603
0.03312533539737423
0.048284660758800765
0.08432815369366277
0.030126521300984258
0.03702629182777149
0.07117069827899844
0.1054831198533213
0.08996841123275459
0.046272149204018176
0.10156705866768481
0.05257845804884747
0.012476149344464003
0.02197199741522977
0.0934622935073487
0.1456487275125539
0.05169869018025232
0.312993089051241
0.15617777592730345
0.06692746297827795
0.13526328649033773
0.2661560763076723
0.08132317831925684
0.10765775259605645
0.23424038935496627
0.10223110345379229
0.27033681045676156
0.12385617732160731
0.019785741249632945
0.03806686979009672
0.14918492145763254
0.20118735717813288
0.07923439381185853
0.10909616384269175
0.07429279033737185
0.03146652157177114
0.09492748607110418
0.26619735675504025
0.16868820896589395
0.36843317058028063
0.1073495150533853
0.04846104954801948
0.09298286679727358
0.04224511690000687
0.14055943385695197
0.21030636697623137
0.11178349511583521
1.0
0.44674160748619796
0.4144708166115378
0.6323596488667091
1.0
1.0
1.0
1.0
0.9196187729250692
1.0
0.671060735298233
1.0
0.1336552120505672
0.02789850506221973
0.031112924359692744
0.011878551290255213
0.053407668154128646
0.02513167491467785
0.04222147391856665
0.029443682719239483
0.03621763552660271
0.10909751084263479
0.034147938769003384
0.09428020578022425
0.06008333465022905
0.0422272037133792
0.0583196849040975
0.2679531620883085
0.1467160136725185
0.05546995348292717
0.06984060760973038
0.05988006354119809
0.07691799155191276
0.031029930652231672
0.048889371653887105
0.10336402912001898
0.11437945391385032
0.04369377934698798
0.20464098353148968
0.06958441539549498
0.03529460696315815
0.06375674110907988
0.2067329832864625
0.16429319118291685
0.19616869102588017
0.27391953572489297
0.06953552547347465
0.018706599154919092
0.028051960045700413
0.018269430745413727
0.023738879005656507
0.09438489968754622
0.060806600653907715
0.02598439188238011
0.02507756787578615
0.011182959074776767
0.02534331235673875
0.04063620027651579
0.03237200127049519
0.08736562009659019
0.039045754515481944
0.05616725893696573
0.042289604882094135
0.12240881075505715
0.048578874222456346
0.01600184711685478
0.02854960930061675
0.0327266772142572
0.023425667271613375
0.03966047552172648
0.06855106613226826
0.06150951126882366
0.08442251672159556
0.11481032016278303
0.11266718399621714
0.08948624206399391
0.052837830455418434
0.13300715618161352
0.06255917033913443
0.6043632153351997
0.11801804359466397
0.08043818641919949
0.23844824345527343
0.4578255547615209
0.22378127950276824
0.22102280797328874
0.23324386680634118
0.2565156778704896
0.2712639192079086
0.12629497201757472
0.21139678892158797
0.2958961954910626
0.41122249004249395
0.19957115208468357
0.2680833403639252
0.11005039023183173
0.1425196562196368
0.14886655921531444
0.1785342004029987
0.2202351225186917
0.08628758956128788
0.05049518638921187
0.023101484079777943
0.015306502629899533
0.09403186593946063
0.03278141766951917
0.014175936308690419
0.24519487687298594
0.038351178991807774
0.04754727164466512
0.1751156136113724
0.29552667293168217
0.2941121027063083
0.19254635127856826
0.4135537238969656
0.05661310110205011
0.06963235478750744
0.050601785367196145
0.0798645404458381
0.10330221823738206
0.05752483355304879
0.05121739346868174
0.08867710620932798
0.058697496225792414
0.04296766720797265
0.0928215138261034
0.08740016224346442
0.03712508120363514
0.08983892395064123
0.1559155946708093
0.20907726487577388
0.3778182562393651
0.5089605633458114
0.48586649708129886
0.27468059247239296
0.09505073690683592
0.2658316382412768
0.37475017308894976
1.0
1.0
0.3775036857094802
0.33157017730920463
0.20512945897064447
0.8984162529798039
0.16829603156212947
0.1610817030572816
0.10363148192636414
0.20159798140281937
0.060034882024815495
0.1549428348016091
0.36813527573233207
0.15563216769780133
0.22238322161623253
0.2686818989900023
0.19721676184192344
0.4111114217017465
0.17981561832727172
0.13179816793065263
0.05195484414100174
0.09477915289438478
0.11668806071449118
0.12338440129577904
0.06768365083970466
0.08825021685969396
0.02204952263067883
0.19946064904547933
0.09621020699881225
0.05001880014483674
0.5315817633972572
0.10188987177600886
0.060195961928428646
0.12040171186843523
0.17860752436102828
0.14375163761494175
0.2833595516900491
0.11851919046360399
0.13601488274442103
0.1469461805055825
0.16672931591195533
0.07100398309953918
0.07032449176375445
0.320699095041547
0.040236995106611224
0.26369562982927286
0.08279992548098421
0.21167207650073402
0.22810292395232737
0.1842640335756134
0.23250723547910818
0.6251290907351488
0.3907699188941262
1.0
0.1948425877806524
0.1197528756933485
0.17169353720146227
0.09430647929160271
0.08098094444076763
0.19638145614005303
0.07651406227236403
0.07018435276718851
0.18712214374578517
0.034781433749156467
0.15313354715604663
0.1719677904724361
0.1232823756225743
0.2654440510735028
0.19861170868890018
0.12223899571537467
0.13370968700143362
0.1879974374269103
0.1737402927792838
0.15596767930926697
0.1666845358787661
0.28921493192263165
0.1964399745729515
0.11251585508483816
0.14967423078680192
0.14173617124856874
0.12043903807997915
1.0
0.18604325971816285
0.054730694746760726
0.2886255456873912
0.10777113263944217
0.05192336239858074
0.11138462906793556
0.16078119365042082
0.060378593645006695
0.05936147909502354
0.122989390716136
0.15733398972632545
0.1649445707119975
0.17690065978821562
0.5103650874581656
0.29729157186568356
0.23095451664698644
0.1753749409137957
0.23803338378249314
0.5716021751073648
1.0
0.16991471374941336
0.14594125274078862
0.07111123256905015
0.08656248113734502
0.09775518857152503
0.09027853222059846
0.08540336495506451
0.24897965345919895
0.16049483873161427
0.19498860585410904
0.07276251235752135
0.17442228566770063
0.15380553082101162
0.044584152961264015
0.1387816176537826
0.7046676526629547
0.05849179403082929
0.11692878093459814
0.16422808503814842
0.11157688982073573
0.08120750704799311
0.07048751368258645
0.4409099108533777
0.13222815930282064
0.04429571305235648
0.06092611790736437
0.21155051180674497
0.13810664435608874
0.18041102247467444
0.22731136109255237
0.1821546673788098
0.10159717904571708
0.22583804946075314
0.24409649632984673
0.04406064406146687
0.11186740116676146
0.07399750158254229
0.169565418618562
0.10330756842919529
0.15134572055247586
0.14920740976865934
0.05085174797974599
0.031620339660398344
0.052054430553872266
0.06577410738748767
0.05395752161523075
0.10684734310531743
0.18286514404614226
0.4224579115008507
0.12255071633112526
0.08128712430316133
0.17140880706714184
0.1836615380671532
0.1721621568990233
1.0
0.16254184898642485
0.15147815705879472
0.07331545641133669
0.14634212602730023
0.3591038956732765
0.0864207537950163
0.1459207300177751
0.04116924159867093
0.04545078374958476
0.16070977269292355
0.053606583945423184
0.060460880014263266
0.13983444267858983
0.18914350428272936
1.0
1.0
1.0
1.0
0.6236194023766007
1.0
0.08163036974764132
0.1254725497750708
0.03583423818662117
0.03628180725931671
0.2159148740848597
0.10076220252557001
0.10883899801132121
0.2557040531556995
0.2775370603508283
0.6683452412480744
1.0
0.8309133710473704
0.8457433896567252
0.8452791415439493
0.10275221373072302
0.03653997884792753
0.1143421139518322
0.22319674145204202
0.043981953853177644
0.13777936639156266
0.21063512551914848
0.08099609480380247
0.06770607373560598
0.04830635394761843
0.05917628062213871
0.1307622024265609
0.18978007350222648
0.14434814772385526
0.03366290457933204
0.2391153515354686
0.08372029478165952
0.08417828387370142
0.04117376290366276
0.0407629219248123
0.06913451825908905
0.031395580286540034
0.0382671342539247
0.09818689723789323
0.9963213473647997
1.0
0.08984895734808948
0.04351204982098191
0.01327181421275042
0.010317136708629042
0.07746043788809805
0.0110812321263743
0.0212745206795166
0.02170797633230319
0.02356505626968401
0.020478337560311435
0.01652454112801977
0.05808594194642553
0.04404147759416877
0.14841748547463876
0.019698996786050894
0.02386616129253263
0.027569932721037253
0.020339303509846845
0.04563518156006518
0.0768315752877295
0.36337020736284464
0.14058892107625567
0.14865010424965852
0.040931214685113855
0.1591991890150356
0.07623782868374997
0.10238819428036154
0.028372921275705114
0.06150753686976578
0.023559306985056733
0.04328827629985849
0.018347659054468068
0.030422832659258936
0.05836162925010701
0.03493242446975012
0.03826060627973985
0.03290233213454525
0.03291409444470462
0.025263205072651066
0.06883215968682974
0.12550832396191153
0.17911755829344322
0.11184766596829418
0.6399537990170197
0.11845821302062048
0.046890849872198305
0.06254727551260654
0.03549327045046052
0.018781292920753312
0.015944240286281
0.010317136708629042
0.034953469522339575
0.061147022688144884
0.08424721583401479
0.086003581850011
0.10963301592009164
0.08721196033818225
0.15777497632692378
0.6476853267341547
0.05446989250913103
0.013035627756940654
0.020206380231716732
0.014873645290337708
0.029901816297823163
0.010317136708629042
0.028909909146805846
0.13005343651699178
0.021781840336560963
0.16012147871452798
0.03947596804336355
0.025209567522993727
0.057051772032545904
0.05326076832956701
0.03746139246900573
0.026337699113040073
0.02527565206143191
0.0276011902773053
0.04728177405117452
0.10760956073898044
0.03416721360501093
0.08284157833605907
0.0777776616312572
0.029561546803015055
0.14656889730271497
0.07446256538051098
0.08738188901312703
0.0897929768432066
0.18205770117103556
1.0
1.0
1.0
1.0
0.6403479267005435
0.40936539714810294
0.023578339359573278
0.08714037812109958
0.32515120371450124
0.035386046304234864
0.03763536514984937
0.027537734860032245
0.014980735057937428
0.025501931149647477
0.031066632494783284
0.08053463823155463
0.05188812401934037
0.049471142291583
0.02719421514607918
0.020386836085364346
0.15877563271392148
0.02273553932018606
0.751483453508198
0.2201987703049211
0.2339428223476443
0.035663178857404935
0.1109282198948368
0.1068413043648164
0.10393128149393517
0.08598891364266201
0.02984703165124093
0.10085906124735838
0.1816258109843686
0.09105841609439716
0.09036833715274518
0.06755403512969502
0.06654571987380883
0.019772917351825705
0.015528728696341004
0.019610331880473463
0.01816919139088137
0.09999466336954445
0.040242500370206616
0.15546009327884738
0.0406290292331187
0.07141338905623595
0.0723536745919618
0.11811248469440253
0.27261301869685844
0.7337076078391869
0.08688253807933516
0.05230134620803122
0.04705222844515032
0.01651759274634284
0.05033270569524708
0.1067320146878175
0.04749813006033423
0.05354599751297908
0.02053799626161985
0.08001360270266426
0.029774191709978796
0.047868746206038926
0.03526056038157288
0.05281080691570735
0.1005892881211426
0.12116078467454401
0.1638205195125367
0.28027901478971784
0.2864497973520333
0.3550060788732944
0.394662725974252
0.1985633875564901
0.27259784701872014
0.028465856457492222
0.01634277463716982
0.026269260129955067
0.0185760472193343
0.1768168925762385
0.07295274838868622
0.0942292979176372
0.17341813641310727
0.22040593007713605
0.08983164649543737
0.14072821341391986
0.30997237371730085
1.0
0.2510564985729746
0.16083524285583772
0.15846747601432945
0.07681140657799386
0.1845503524296108
0.04012081743937123
0.03701847310265064
0.03528503598481201
0.125062545351073
0.053026870085379166
0.07436389801055535
0.0816296657187851
0.0664044154319834
0.0767801586145839
0.03550504883015322
0.05289722897136517
0.019089213821763085
0.03855676652791862
0.010317136708629042
0.016562680693042973
0.11178932407615072
0.059167646362515446
0.32991361182029305
0.07111821624899477
0.09772199389938983
0.06298763344882465
0.06419996666600372
0.10986113357899299
0.061064601405499984
0.05456541421473129
0.08981904016150447
0.022942713581203252
0.045886480639660054
0.03848172340336559
0.030709989921797697
0.019339406958757552
0.09025320052495778
0.040801152548509675
0.09054469060080114
0.10529501931578046
0.013051604644906404
0.07032393214133192
0.03663957221680177
0.017777228931274376
0.013890140172076924
0.02308514862076366
0.016146414899722017
0.010317136708629042
0.010317136708629042
0.012387329623908021
0.01608025925428328
0.03397757565590707
0.07047879416713577
0.04182841237710174
0.018074223698345857
0.3423403263477754
0.22855575786276053
0.18208480432621674
0.3394920564611141
0.07429636323192575
0.2303831887505159
0.06558962578295503
0.028696808847561983
0.06224663052803123
0.0622187377981564
0.7120710808441318
0.030095898989884514
0.03943204266824004
0.07988249721300786
0.033406254842497075
0.049100999543781054
0.04037089918298865
0.14557030344980446
0.16347399978671026
0.03135974901959558
0.06902051664846683
0.23507670054519905
0.10496547061704946
0.045666459296848025
0.05583566935123859
0.27125341595724245
0.42922031995851456
0.5273294511076237
0.6453430575872711
0.11723551812574433
0.06921740739763084
0.03467334625982396
0.027975812647191525
0.06044066343901306
0.03483134526441211
0.07512559353597996
0.12904844104524082
0.12423154027276904
0.049890176773731365
0.04815053324346779
0.046416305658757255
0.05312001001273057
0.017335747989266292
0.011800560504570805
0.021947101638972583
0.013616687790166771
0.025592996698498866
0.1271327512249883
0.024949397189504223
0.04881478919241883
0.03856204401685793
0.1383186756031386
0.12588792256830836
0.021172569796055876
0.010317136708629042
0.0918125057310002
0.01782894838102141
0.013880735629231339
0.019068160652242674
0.010317136708629042
0.03394073694806935
0.0561260423122856
0.02419834066249324
0.03269064145357038
0.08526732620998788
0.052610370297261275
0.1457884094152124
0.423579480494869
0.15677160260279946
0.11341406557912849
0.6121085463167305
1.0
1.0
1.0
1.0
1.0
0.17915249193214397
0.048833778294822945
0.025364688922097593
0.028039458825801323
0.03339975053586468
0.05752361074146784
0.05858939296591593
0.09167044460864388
0.12442831617864002
0.11900494388783188
0.11108165297639983
0.44521904151086705
1.0
0.7351627837456037
1.0
0.11663722477606278
0.03526757964033929
0.04238757636961739
0.028710848382223216
0.01943575751297625
0.040434916941306985
0.02240064318945344
0.016848562480466418
0.22746184803699146
0.016893333220138525
0.0178066803207105
0.010730367617198736
0.0401678005983409
0.010317136708629042
0.010317136708629042
0.014882018698919528
0.013507851218770591
0.010317136708629042
0.08418155365960625
0.010317136708629042
0.010317136708629042
0.01536527223002853
0.010317136708629042
0.012853163540510807
0.07119695810267537
0.010317136708629042
0.010317136708629042
0.01774187888969863
0.010317136708629042
0.010317136708629042
0.010317136708629042
0.010317136708629042
0.010317136708629042
0.010317136708629042
0.010317136708629042
0.010317136708629042
0.010317136708629042
0.010317136708629042
0.010317136708629042
0.010317136708629042
0.010317136708629042
0.010317136708629042
0.010317136708629042
0.010317136708629042
0.010317136708629042
0.010317136708629042
0.010317136708629042
0.010317136708629042
0.010317136708629042
0.010317136708629042
0.010317136708629042
0.010317136708629042
0.010317136708629042
0.010317136708629042
0.010317136708629042
0.010317136708629042
0.010317136708629042
0.010317136708629042
0.010317136708629042
0.010317136708629042
0.010317136708629042
0.010317136708629042
0.010317136708629042
0.010317136708629042
0.010317136708629042
0.010317136708629042
0.010317136708629042
0.010317136708629042
0.010317136708629042
0.010317136708629042
0.010317136708629042
0.010317136708629042
0.010317136708629042
0.010317136708629042
0.010317136708629042
0.010317136708629042
0.010317136708629042
0.010317136708629042
0.010317136708629042
0.010317136708629042
0.010317136708629042
0.010317136708629042
NaN
NaN
NaN
NaN
