1.0
0.8976739026842586
0.2261199306573536
0.2068467116311995
0.0980926021805104
0.15119902220247342
0.13348271519432867
0.09107687031187901
0.052277877096046796
0.1078830413282377
0.15947465840739408
0.11931655026884341
0.09887387481041095
0.07195636325431877
0.10518719293648522
0.0473593186867686
0.13540515935835168
0.26661940358282643
0.1556064651955573
0.1682948336716782
0.15136958005115328
0.1825047507841656
0.10653645742626482
0.2950728916467616
0.1351127670784796
0.15823342181129954
0.09444505206078047
0.07601946927571802
0.048767147171224066
0.09790004834975614
0.030996458329768852
0.08443733072381585
0.03015376653201701
0.014016845902123862
0.09281811012505656
0.06784953145004521
0.12871339064629697
0.08603556977338239
0.1696261486197297
0.08548919871112841
0.16539099306611987
0.10869973726778322
0.15855129510632363
0.2572406435842143
0.1169922951186763
0.09914571544279413
0.029710436199681552
0.023475905416715463
0.07959397314242853
0.10858612186878788
0.08756343970711752
0.01398146711829665
0.09653410327886572
0.045043022000575014
0.10908268014697027
0.10383414658950446
0.043416890222558555
0.05453419172617893
0.0845610247388358
0.14167930624727418
0.06748835861669322
0.07643852493544848
0.1225603361823652
0.06438619965236529
0.04424102624873175
0.03878160381403447
0.17088394719486039
0.045860705738820326
0.05091750103624107
0.11935463720761018
0.19982295212871368
0.41673348771424085
1.0
1.0
1.0
0.6634630635864898
0.08952977714821835
0.22081537005184812
0.35537058194183
0.08603225408162296
0.14417067398993388
0.0737966137190361
0.14081784853798762
0.1749201377645639
0.06363785174433718
0.11867265303832072
0.09503353667394224
0.06945443099294667
0.15888645396234785
0.033680268358464334
0.20359391338966595
0.037213323660130374
0.07486240342729986
0.0394286392835269
0.06114309387463751
0.15928478818371908
0.06251403794731646
0.2895029709962735
0.22693497025750603
0.22961263028950615
0.2125803681650551
0.2674484959860722
1.0
0.2731375325296782
0.06394796320879897
0.13792218480687646
0.07048683099745146
0.14538580473806836
0.04922765435055755
0.2182705712122922
0.12121396891618044
0.12767118042693007
0.1114429212827237
0.035883019780150134
0.14848394434730594
0.2030424914943852
0.07673170333813226
0.08678301089725829
0.11714581894160042
0.2386562335068568
0.10861289373433917
0.1278758041032146
0.13793137259878155
0.2099534907029045
0.05455639272021124
0.22046955894674175
0.13046678251551394
0.08522224023229227
0.06315868937653116
0.08601131225293217
0.9265148868468123
0.6148789509331628
0.35481402967390535
0.7987806861015081
0.25935025279829693
1.0
1.0
0.38138352999600555
1.0
0.33189158510572636
0.1984712949526954
1.0
0.1771647894059722
0.06905096760708351
0.05021860127321335
0.18341114114351142
0.12551915344902148
0.22099349328283605
0.22385284561327784
0.2299317012307749
0.20378870309842387
0.11419573589464674
0.09087940050016614
0.05074675959209599
0.07390858936898324
0.1300936914076472
0.07657883479616458
0.1473490133723121
0.748711408162841
0.6468113900742238
0.4236363250072023
0.12880729664465207
0.1430168221424627
0.049289211029371754
1.0
1.0
0.14956557985073224
0.181303328897926
0.1324929465244384
0.09056646814625272
0.11407675904281339
0.3958071477912575
0.0515986716186657
0.6662948731245945
0.04802904742848143
0.08537768814321914
0.12229020922646444
0.03958980225527047
0.08669931508734076
0.26427975316097124
0.17351386761930304
0.11660960070508192
0.36303496549833575
0.30096790320621075
0.07358079685204673
0.09280219742896091
0.0990627504207429
0.01380525484162391
0.03135872519118325
0.05679292673281289
0.01380525484162391
0.01380525484162391
0.046263144026845796
0.09289291376380242
0.020793419929637635
0.053100379174505795
0.21956453738950976
0.3731510897528174
0.646394732032074
0.33335145842521685
0.057782178244889494
0.01380525484162391
0.01380525484162391
0.01380525484162391
0.022047811128418353
0.018900104292417622
0.048300299516664286
0.03820013453837561
0.029159184106183116
0.021177704448910397
0.01815266392815835
0.01380525484162391
0.01380525484162391
0.039396595386253286
0.05906650006691522
0.084092380855911
0.024102406919779235
0.049556961852186075
0.15208582582485972
0.11449721531503
0.10143177891934571
0.05228122239176777
0.15902682244314317
0.17684259377257325
0.4235713110456848
0.7372775255856808
0.7389749001360952
0.29668778315915195
0.06144308140530361
0.05606108075929341
0.07996782362233994
0.0504812481568602
0.023167887094835325
0.10547165102066933
0.10958611556463879
0.08292178181776358
0.0767789464117579
0.02066264789991811
0.03559899792394141
0.021978653830240013
0.18969004054918895
0.44788282267760443
1.0
0.9884311821746541
0.031554215692320635
0.01391800771169715
0.01380525484162391
0.01380525484162391
0.0340435844572413
0.02603470389956196
0.05188744738930538
0.025793270293220833
0.01380525484162391
0.01380525484162391
0.014255203888313875
0.014160798564550206
0.0140623184475392
0.06655828649105405
0.45152841208763117
0.48658801650605704
0.2696267265671674
0.05215258818767232
0.019148124347337137
0.02010380797446251
0.022086628216015657
0.02507110849916091
0.03113207579593164
0.022709420407032072
0.06664412507791648
0.10783133213415239
1.0
0.04012345884081486
0.03061638304933803
0.01742214244850831
0.08132330585170908
0.06848999976902506
0.03127004633336508
0.05666735952261553
0.10447931137650379
0.1111967835148098
0.6561465129447864
1.0
1.0
0.9658054290469965
1.0
1.0
0.4063995484218932
0.14153354543225685
0.03745777516800016
0.06757779647968616
0.09130214175865983
0.12321726992264655
0.21482454124968164
0.09257300648400638
0.1476362644226959
0.07995684915284837
0.06525474799502931
0.20313401874828724
0.052048495498027085
0.10728809877878584
0.13955063511804142
0.05649806228070911
0.05584347542126553
0.29490248946038233
0.30781175709152797
0.7554486634880255
0.5690217227492377
1.0
0.10651769428454548
0.046576893001756256
0.05000191773862546
0.14660980604990426
0.33907993282860016
0.046715805224959946
0.04996880388581842
0.1008792254427697
0.4952245713090098
0.38538095298564484
1.0
0.06871496725574562
0.04782035533492803
0.026973552585418326
0.1359317349539753
1.0
0.7891224550754707
1.0
0.15632614083607824
1.0
0.046113678759990326
0.01380525484162391
0.01380525484162391
0.02673912395548865
0.01380525484162391
0.01380525484162391
0.0783800103270321
0.021254626590122713
0.020341597893062658
0.05237540834682405
0.01380525484162391
0.024392577221637686
0.017614583351660325
0.1294156541988667
0.060044423338990446
0.14861311531725546
0.04577212781370829
0.026567193973493115
0.058681543449574915
0.09378232836422734
0.01477093961886911
0.051466118086506085
0.07442187149762855
0.034218660459884406
0.027035566925648097
0.04697818073330851
0.04085312206114143
0.047273556561112026
0.050468645154008444
0.06757567690072974
0.15684016818990246
1.0
1.0
0.2622424322662821
0.14417738578813144
0.11022109204723225
0.16265250215194832
0.325496856804693
0.5447262027184119
1.0
0.1123369989899442
0.1697605093148297
0.04767868935882945
0.03434245971363266
0.028171334083958752
0.0960763031407606
0.028990609836418733
0.052773925492802395
0.1533535685267251
0.04473438150753372
0.072126511379316
0.053119131077480695
0.020637578759301507
0.040164614158225684
0.03223860203809588
0.02499568837655305
0.044465107632837376
0.025259283180315832
0.0929327598152314
0.1551736621764516
0.07015820634962233
0.03264207940667357
0.3015166672301631
0.10477956969403104
1.0
0.14772785959169404
0.04169994636884882
0.032146750858910146
0.15689862628318568
0.38623901187939835
0.0514244846623139
0.8027235215352765
0.05809214450166423
0.06377660292088415
0.028556604070995473
0.06683309733956862
0.0380473513619467
0.05086040574387024
1.0
0.09563024903692263
0.09177103356317381
0.104878887445974
0.11680042389693858
0.08535820205186898
0.057139452109542056
0.09907346057911663
0.16772040569782418
0.11103978205706702
0.49135403897250424
0.10970660878737758
0.1377987458850733
0.2660155662420869
0.11548814934067704
0.3310018358019196
0.15155591800022308
0.18895965154227642
0.16875123968783673
0.04733196779132289
0.2008799266866364
0.13250381808957945
0.051362710448868545
0.10555185235071717
0.1266441188461714
0.16422454118489124
0.12241354920089872
0.38828550228147396
0.2329243452729367
0.5762129047433308
0.09004503245689387
0.049334626269748064
0.07699764862583142
0.0311644150794233
0.035502339660818075
0.06422351038510013
0.05735041564315871
0.05928054821468349
0.14839601695290924
0.07832767788364882
0.10433379153758301
0.29297201951954543
0.05744098921250872
0.11063073289382211
0.04172020873345953
0.01380525484162391
0.03267451358675732
0.10656294264935771
0.038043605068980774
0.024604123480788918
0.3493544687208822
0.032829801246871924
0.35107926909661136
0.21709145440180355
0.07032730264091788
0.05572742471519465
0.20067141081076406
0.2614124933175461
1.0
0.18769033101097463
0.1645931637604598
0.14247445915842943
0.0925312522345609
0.07894383267723733
0.08765045001501642
0.14566208445602516
0.0634203280005688
0.046882389227412925
0.09469952977294833
0.039967126465264444
0.046346825905834395
0.12176457607681912
0.1704052005478196
0.09063196239347625
0.16840686038051367
0.06255794516776231
0.3056236648185326
1.0
0.22605376186875648
0.14766523588223307
0.13524278900398495
0.2109558011042536
0.08592374960741589
0.04107020138131871
0.033849177509928385
0.14826647597812914
0.037014685379515966
0.043740444066273455
0.023141660711945372
0.0254352602959188
0.01380525484162391
0.01380525484162391
0.042556289540763695
0.04475710267008299
0.06371512799584819
0.06170333422454885
0.08036245238940788
0.027096382549253208
0.01380525484162391
0.01380525484162391
0.04290409230654408
0.01380525484162391
0.03239518169840768
0.04775172880919327
0.032128494826171125
0.04736442948201947
0.03311229833145381
0.030695414254945975
0.09260103771625683
0.06686144647947935
0.3116248648356214
0.06718919866810426
0.04668509014545629
0.07168430404393022
0.04635132356091526
0.10166684180274084
0.07207066836048662
0.10558126078422803
0.12768536349195228
0.07051757914046909
0.12998794023673974
0.05183385527692337
0.08378238639096382
0.2645351597312857
0.033276166844199276
0.13093869597373928
0.0177648772468142
0.029524629372209035
0.08180325918809989
0.07971923675503928
0.11560720896459376
0.18222381211578012
0.128320685256697
0.9916299950737341
1.0
1.0
1.0
0.2471801934085895
0.12923280882677826
0.19024430072339615
0.349983936232091
1.0
0.11849990547209656
0.10555746733317273
0.10424245698880213
0.15356653075132481
0.17339611974946167
1.0
1.0
0.2645130676011097
0.03773410810119527
0.06273028053470375
0.07376734600469075
0.15814253503639322
0.0771609183005436
0.13020016615945917
0.1274587732916285
0.09631949930576525
0.23467124879841456
0.10695335890855068
0.433982103137092
0.45762242054292024
0.09617288165216065
0.19689317106795787
0.3398291434553643
0.18134832667205394
0.17427471215426074
0.1853663927738609
0.28374069761235204
0.1339492438074003
0.051270527915361255
0.04738138369851464
0.11871484092551149
0.213664817780199
0.1045117053858578
0.19014687940735484
0.4000246927511278
0.20108068906763824
0.14412011324834217
0.08729228915790535
0.05690627622843301
0.13750750313704246
0.14498725148964595
0.13431890101223073
0.7246007326573151
0.10747063841880303
0.5620468881163967
0.14589559090026105
0.12557480821055564
0.08123007528236492
0.049448409482928155
0.08023145178422283
0.06760053417558722
0.41070150508418113
0.560496904783417
0.085546094956158
0.12967102020036234
0.07892812304277212
0.09831319416808365
0.6553545916964665
1.0
0.14494915724718438
0.037049584702714945
0.041432602165601684
0.026583016483578296
0.07803597845103004
0.10307345687090001
0.1370579751172632
0.0864654477074116
0.07753959461305845
0.025398002831891687
0.04960583801821091
0.07981283263889713
0.11382804880927333
0.061783255071929
0.11752225094005692
0.0367060289998062
0.11198459605258396
0.06905830416911422
0.18752073759218704
0.12886690792706515
1.0
0.2548712523935654
0.29383929443754186
0.17550148034727256
0.041703322062718234
0.10037269712703398
0.05346643117547008
0.05834292200610822
0.03760699551278398
0.039543138970556134
0.056692669893236444
0.07259880741837067
0.10805322266187713
0.06268512874162831
0.08474741911379167
0.04562784087868193
0.024679014425908207
0.03782720485217188
0.04602529593860076
0.05926666392289582
0.039230644966398484
0.20829259057375518
0.07003604537781044
0.0716397076123986
0.06138245184210256
0.07098164755992628
0.05488278029533541
0.054487224243163775
0.05218876898882063
0.034525141013365096
0.034397583180998774
0.030333930250294905
0.020719157715603214
0.016855896216759828
0.014852776815025684
0.01843680257106715
0.029731269384395003
0.01380525484162391
0.059216646448199725
0.047449052132701425
0.027138025467036735
0.024568495013476323
0.044971815196658146
0.042324190584675556
0.017637672467842997
0.01380525484162391
0.03448027290736799
0.015123077022148308
0.01380525484162391
0.03595662469204353
0.03147983094451251
0.016810609803907924
0.029211243111262115
0.01380525484162391
0.016182588234093107
0.01380525484162391
0.03046349520892403
0.04056762709140676
0.026080026655659602
0.060085789366714056
0.1456296734418617
0.3552135502448097
0.04534603052409703
0.01380525484162391
0.053950764612593224
0.6266119684748314
0.031223633894343076
0.01380525484162391
0.01380525484162391
0.01380525484162391
0.01380525484162391
0.01380525484162391
0.014046273787783793
0.016183459718192097
0.05725539448750315
0.02269512306340128
0.044746815495861854
0.07253190292658639
0.060678579203858454
0.027894798431923235
0.059515901075824926
0.0378813523290915
0.04168982256540894
0.09450085467720598
0.12786478685533195
1.0
1.0
0.9139351226142107
0.142567294090473
0.028686360557775657
0.028414217967654233
0.0729721799460628
0.7678760649345145
0.6257925849430624
0.9449461255079405
1.0
0.06748339546189024
0.015792800044167943
0.01380525484162391
0.02218697750765239
0.1510027955917336
0.0215687432744923
0.040932584655539526
0.26972796006472255
0.4107991845920196
0.5245218348002708
0.22823749815252797
0.05299824759393126
0.14302582333944358
0.020636633945001308
0.049524080437987825
0.03884816031242103
0.03553815793603465
0.2072294203664716
0.49579218924748975
1.0
0.8748742912274424
0.6950473297879292
0.28324465189949716
0.13024667904404574
0.5715564292820445
0.08289663487662054
0.02695565826046725
0.0900799931985052
0.14422906516137696
1.0
0.035826553922738584
0.01380525484162391
0.023076778162956696
0.01380525484162391
0.05962181932494009
0.07573741120684487
0.05846510963173327
0.06431831752305336
0.07934884688435269
0.055023573901726304
0.039430885360193804
0.06802087799658489
0.10448253398111505
0.09170972298917918
0.16777706971748113
0.26268605198806416
0.8940646766827813
1.0
1.0
1.0
1.0
0.07908813610583723
0.04796542129629044
0.033169862690152485
0.036058394949257146
0.08186907229888889
0.03566722808497033
0.036491391488531234
0.04736085381255553
0.1439299119761845
0.2728082279919286
1.0
0.036475004755878684
0.01380525484162391
0.025274726336102903
0.03864616715733885
0.03846782686982962
0.03725078308820506
0.06268137636714756
0.08978028012018088
0.1531271707785235
0.3810968445537445
0.4615642918689373
0.5833664777854155
0.32753555819077107
0.05792914606674051
0.5042490430416977
0.16829979943939444
0.09169023606884721
0.1650637114396799
0.2161572965820219
0.07001081756601495
0.04558948118944764
0.060522586671178644
0.028378843025437025
0.034427407811368334
0.05800414051597139
0.08838214340813542
0.1384954159617345
0.10846849490310335
0.07795235611430823
0.04754259047338399
0.06463947941227319
0.054245539298861785
0.1090304735735144
0.04356350819589822
0.041738799873668894
0.10133882084737111
0.11509175034726613
0.03318234448458668
0.09569211993232456
0.05999101890119611
0.0816194512752843
0.07772858387569473
0.05818342873415097
0.07879080988641676
0.0351590971870338
0.059248454268788414
0.14435472794620433
0.1638682863383344
0.40759279080491695
1.0
1.0
1.0
1.0
1.0
0.7215403708925359
0.07047204093374741
0.022087710469456266
0.051569577714441005
0.045193998820677275
0.0493304595124029
0.10468456872084142
0.08385398302947941
0.23689456004540144
0.1505402081891903
0.27703554617346293
0.5135079929965041
0.4786630777614479
0.10582091996728965
0.1065703635582868
0.05156452125382432
0.11557320430158849
0.17313538687670188
0.07381083774255856
0.20721116584045962
0.06523008729750283
0.22445415669104418
0.15151418900475358
0.1478943801629817
0.20262245982891178
0.09146655111848699
0.05461162939620421
0.6998154552423987
0.16394878108261374
0.35588611712007384
0.6981189110225052
1.0
0.5708388924664085
0.9517360681143595
0.2971536881460962
0.5823601567793651
0.07738250612468832
0.1140470175532785
0.07153931868717292
0.09528952078979538
0.05007567603685905
0.1137655716096294
0.07868459192639436
0.04257097044629826
0.08296514275012637
0.6745312474947907
0.28672919836306027
0.1694437502967781
0.19496939651842798
0.08239317164048257
0.10693637741259701
0.08829143418805269
0.1158099222422087
0.05891399803558416
0.20000816495885404
0.14732432498367992
0.12135565378117447
0.19710690010939633
0.4876031523803646
0.16728623514201588
0.18373721541977608
0.0866292886236797
0.08536486259298193
0.1362993289277312
0.10145991263584038
0.15645838519873362
0.1252001694997833
0.08661994037579197
0.15388248754961417
0.06275565080286982
0.07001743794330333
0.048349435907099544
0.3666980821926758
0.3316639339546133
0.5163373678572223
0.3582730250469372
0.2605645684356144
0.2780954566369014
0.2189278966979378
0.16701996026517105
0.13601330681138357
0.20685191883282555
0.13669733360488245
0.03926859572475775
0.04879772348921332
0.23449311465052355
0.07354553267589298
0.023083962104085677
0.06115753705517395
0.04162215024714532
0.020204774578999815
0.020268568461379144
0.02801394332645361
0.01380525484162391
0.05292521533078522
0.14071991367766734
0.07117414363415549
0.13066864614857535
0.10256912088208678
0.3373793662893189
0.08970294812541289
0.08260246431419127
0.047748335960973554
0.12097041134133875
0.03746710296582781
0.024450119313022465
0.04432268495266188
0.01380525484162391
0.01993040612197301
0.022728616412020706
0.015592902184382647
0.02545430219912832
0.031107739709102366
0.0529136049538294
0.1602515644783096
0.9484856158175158
0.08364720731672941
0.019091137831474297
0.06876071615922517
0.12654305425869888
0.09224953423708027
0.18193127177530866
0.14417568575712295
0.14117871675548324
0.14546597473684006
0.23902191044667875
0.07755845217350354
0.17981658367468545
0.593740655706373
1.0
0.38276549653817643
0.15369650789424438
0.12107541779920374
0.04432332462408011
0.03697300432920789
0.0549662089801718
0.0722830275628958
0.06529897556134016
0.03722018070179535
0.1275445411025713
0.027011385142657208
0.02359294999904833
0.38758204697737303
0.08108857729192595
0.03422303436048785
0.07546411003401222
0.187709667385968
0.19120546712371358
0.10897776870538999
0.28202382338793885
0.21286171998420225
0.3313336477073435
0.1992199808699074
0.12706739990848917
0.09094957627942946
0.04817327392020496
0.056188687494478765
0.03103427084388369
0.05040108662760663
0.04639419465424697
0.21739192072150904
0.057906696803286535
0.12315222171002739
0.023074493301117903
0.030738455051806935
0.08225988484601328
0.03806365632551302
0.173538763582721
0.10043235593452582
0.08513746707517711
0.059082483391281936
0.0670214245744924
0.023201276231343826
0.0444091112752895
0.06651885442960467
0.043031806328961954
0.08781954111295771
0.2277970673996818
0.034661420389393446
0.2660799216461033
0.06270218323280895
0.16735779395615233
0.13673197728757766
0.1393773909789507
0.1384246392521384
0.07712982765293468
0.2894122531170081
0.6224899935354523
0.12017586019952373
0.1360959129683295
0.3223223424698899
0.13212601372027827
0.0961256875241522
0.09274245239493376
0.18996511368227684
0.17142190336224164
0.5831048319715842
0.21588263425178447
0.04481433382244635
0.028499280526066578
0.03443807150690863
0.07460492729834224
0.1359622954449085
0.15121134558981644
0.6495201606011943
0.45491787910395226
0.08157350204119493
0.07114025460610507
0.19358992759953184
0.19655523432043787
0.17308087532974392
0.3760561695723
0.057765996140273106
0.0338518303898329
0.17256934096222787
0.1394092890643482
0.051893740501881835
0.2735158393614368
0.5255283791012094
0.6982915611333352
0.4855897148083479
0.7066439261089418
0.2742375170378522
0.03979614812211343
0.058606258476447105
0.08462705252241877
0.04632164477832552
0.028145608645416223
0.08214177180585795
0.11565541816295842
0.08934256418641463
0.049417642953690326
0.10839937624048032
0.06090211140346997
0.015660773292012715
0.01380525484162391
0.08364647586340043
0.1373546361073327
0.06185614089672455
0.28299592915218347
0.1621551773595421
0.05729280942545633
0.11749666430472987
0.25406060008373516
0.05947416752568509
0.07753534229542465
0.17503380987335931
0.0854330244512037
0.21401448748499108
0.11530016504940876
0.01380525484162391
0.03231471192076015
0.12306667521925474
0.18183869215011705
0.06351818148093862
0.07742315788209227
0.040050662916030016
0.027381573556446288
0.05677471391270113
0.1995750469965447
0.1513950593482253
0.2608507463699932
0.07047523271127676
0.025664381878182548
0.07003970573797821
0.033224413107655885
0.09391213430614294
0.1478253263882679
0.08066913099399607
1.0
0.3259572015502828
0.2504471431935558
0.4187359185380313
0.7363579613428778
1.0
1.0
1.0
1.0
1.0
0.9521419999006623
1.0
0.2080584189258457
0.059634005756235356
0.04686459015074961
0.017035751899495976
0.07652802239773583
0.0467023728085871
0.0824887272346881
0.05939826328153561
0.06139524355533908
0.16656733402837084
0.05692528038707918
0.1451122588685818
0.10709948804594349
0.07538575739340886
0.0793918435806762
0.41583292622681806
0.23020485610275435
0.08088278727934611
0.12219585065694044
0.08664827627673863
0.11296852845654
0.04507957067958841
0.07219648844587474
0.17282814508893526
0.20662547444631515
0.08330279380368655
0.2747030361623802
0.13235986445470233
0.041332590176411554
0.10067840741599325
0.28948966947077787
0.2441290576441846
0.3210519294054865
0.4433227862187421
0.11533820714760568
0.038359283340287216
0.048229287781749605
0.02004112543145972
0.021941782485550995
0.12691237777036868
0.08693902382363483
0.03741442140029665
0.03922885254875484
0.015638666649689856
0.03695504716146553
0.06386966899427822
0.05035333894775912
0.13225417684490692
0.056486966824644554
0.07442940057923783
0.06090211140346997
0.17007500237971107
0.07009812538071122
0.015997054277974702
0.045757086987107225
0.04372509654203967
0.0257339065904684
0.053243571853087104
0.1096504131382838
0.09417936699099787
0.11980126181392202
0.14835791214039057
0.15758089807065387
0.07803698211630059
0.06245229045666934
0.18983493774219534
0.0981079911941356
0.6883355287157515
0.14424896512248228
0.1062874304525007
0.3348308228491465
0.5385577209641634
0.25989224181866094
0.2228244949472764
0.24848026400560505
0.2907896561730128
0.3756666175327969
0.1474169877509346
0.23909510171360715
0.3687996969662152
0.41565656918324007
0.20899127207192636
0.2961982961870317
0.15606708359798702
0.16728726658248363
0.17631381809194646
0.2014953736753074
0.21916335374462736
0.1113406056161739
0.03570565133357072
0.014423011855108301
0.016729425124261486
0.09015438529404447
0.01669781983147797
0.01380525484162391
0.23408676932618727
0.030850814385156893
0.035463785758395636
0.18557000920068173
0.2586293224867935
0.2955478244391272
0.22439389297052745
0.3330844310201348
0.056814021223132984
0.0708651284033177
0.04726682607952641
0.07036566921280095
0.07691476887790247
0.05091714298927472
0.03450972249737127
0.09826958082669067
0.05037937191593626
0.05261882121475016
0.08170244302824461
0.07449614176589817
0.031329301866879586
0.07773569856358555
0.12305923976540091
0.16395413084379243
0.26751755131185
0.4033700181303477
0.3368644855692665
0.21861283150467145
0.06695404197170073
0.19432865790005813
0.2959570077533319
1.0
1.0
0.4681840281732092
0.3983861802777455
0.23820277312653548
1.0
0.2168684466838248
0.17227482686556725
0.12318245364271704
0.20892066943527587
0.052084459364663035
0.17220171405850465
0.4129474086970091
0.15594528265899385
0.19640544207750235
0.2721627630790348
0.18885099168279063
0.4063226986994667
0.16578410958444975
0.1290384351971071
0.05916495973915361
0.1054745492735526
0.11656811726495865
0.14445498268225312
0.06922037946532338
0.08775259332516769
0.02276150476917591
0.20099414291502996
0.08048106011376309
0.05264727811967572
0.49107608751231346
0.08223798034812634
0.06507940564516394
0.10547934837034363
0.18752386057327078
0.1321377746513573
0.2548212189494692
0.1067821210065328
0.091762343507887
0.1293349484388263
0.15576694589734066
0.07588333744550542
0.050582505219173374
0.22992122624360864
0.017894249838160084
0.20174914690770898
0.07591997021712457
0.17550425079403892
0.21116880642279415
0.1353714179077025
0.20480601666215736
0.475228375910665
0.3406474492103143
1.0
0.18628046289539169
0.10841775433745593
0.1798032788377927
0.08691630467173514
0.07129629994021718
0.16673126663006593
0.07006395291602796
0.06133320011291906
0.1781717456593141
0.029210421177047245
0.13474796106573647
0.1537963814487557
0.12089661970299637
0.21907550905022674
0.1664513334868863
0.1135153721017481
0.10237144087254695
0.15890311566107485
0.11278798009934725
0.11523059149996154
0.13096106319558304
0.21908432333446587
0.14727305244161187
0.08169866388197178
0.13449041552276667
0.10668327655268495
0.0981007050455137
1.0
0.13614831778228156
0.02745196230245737
0.219726508789098
0.06708562898463653
0.04301729200024387
0.08835005475285847
0.12817662459112938
0.04944698229407905
0.04675389552813832
0.10061913732015704
0.09879602572427014
0.10625995409371344
0.1077118264429193
0.3354242244774867
0.19762252270482364
0.15325519871764243
0.11791165274597407
0.1461380939267434
0.34809807040826674
1.0
0.15883227458092442
0.141857836969892
0.04565997861453504
0.10194202485255864
0.10260722261839025
0.09053162122886937
0.07846725098653554
0.23676975354074525
0.12462957396772849
0.17545450880163244
0.06990780341812844
0.1587503781887887
0.1473216477865738
0.04220971563981042
0.12732281916701646
0.5975945102500969
0.046781795989898144
0.1109234293576687
0.13985507665026858
0.11474560196916665
0.07748150042414526
0.05674127599749517
0.3734192396401233
0.12752897043343694
0.038267542606837665
0.055303356743034784
0.19768861924357306
0.10736358110293284
0.15390767937566158
0.1992486382667824
0.16324184866838898
0.08756138214076603
0.19548318225029418
0.23233513212923063
0.05191462025767282
0.10416939639493861
0.0584753485059853
0.14413341092424053
0.08992513890817945
0.11289031119655092
0.12949861571460167
0.03568007715748564
0.026907801176502266
0.05099612612581666
0.05432661038815646
0.04577311374014557
0.08364322175640117
0.11487410684522516
0.3037527058821064
0.07992327985064142
0.05978880470459309
0.11764773651513401
0.12559545009831372
0.10046929934418555
1.0
0.1224560471035389
0.12290322011660425
0.05870752236418542
0.12908945790113613
0.27923422929657643
0.06823486486030338
0.10279989971479622
0.03391605521260086
0.03994968204887523
0.13734982624259723
0.03196642921724577
0.04612773529408021
0.12239689487806871
0.14213347776399946
1.0
1.0
1.0
1.0
0.666520365133292
1.0
0.1053136537988682
0.1402974046040447
0.03725703038028754
0.04245496054741201
0.2749068400830138
0.12157701291038171
0.1383574810151605
0.29816274315948305
0.3333841153269626
0.8100017884288653
1.0
1.0
1.0
1.0
0.16112840013991947
0.05346768421803408
0.17254217797397073
0.34784202472918774
0.06855140496004229
0.21935149488244032
0.311387225786341
0.1188613957671103
0.09216422238456388
0.09881450941886775
0.0645263748749418
0.18360628809914928
0.28060010627303583
0.2408275707788424
0.045703338897972894
0.3908774400362811
0.11945128634526862
0.10708167005338355
0.057882091395970885
0.0734699990238027
0.09291469387849897
0.04372679702859078
0.059392220977735
0.14620237431702363
1.0
1.0
0.141346571458046
0.07054711159694708
0.013905891620359911
0.01380525484162391
0.10672704907082287
0.01637566354041091
0.03522451692561236
0.037668491417383515
0.039307795939202084
0.034092473375869965
0.027206999646987813
0.09559760983151984
0.07787267776810289
0.2333437069259926
0.036253422761488976
0.03270143130128162
0.05025624175255489
0.03889535043494491
0.06036775080496364
0.14130691760193623
0.5788924121756975
0.2076316223519686
0.21667570859734067
0.07738858817432591
0.2293952176011623
0.12178462387195535
0.16844881895232725
0.053997556154844494
0.07650786781210768
0.041643316312668405
0.059127998919227535
0.029692811163708772
0.04556730241393643
0.08170244302824461
0.051921553351989634
0.04390846546595852
0.04492475385802622
0.05044664487277304
0.04265062098082916
0.08988478062598836
0.14838905403549274
0.23328387708034304
0.1555004826490633
0.8648296089512297
0.16323683002447933
0.04765377525930885
0.09251664345927306
0.04145089016346783
0.02956129481816357
0.016492092501007548
0.018918707593237608
0.048590268503089784
0.09402748865096508
0.12537854135972776
0.12031023563059096
0.132264346978534
0.10421984902353613
0.18570883699877525
0.77884184242083
0.06614250695473535
0.014389975906166435
0.029896441952930345
0.01380525484162391
0.039361333850913685
0.01380525484162391
0.03706539307585645
0.1695708890046075
0.03342814466554788
0.1851413341850012
0.07179345803009621
0.031120039714918345
0.06100573529837062
0.06988928334213748
0.052995656106840434
0.030135687360820087
0.02866576223239329
0.038910968317309676
0.06447668622443746
0.14347788934878933
0.03791949161839565
0.08038841792658984
0.0878297041514002
0.04472981192537434
0.16165108115619028
0.08873359206959576
0.08488337777993069
0.0810075745435448
0.16833284377908606
1.0
1.0
1.0
1.0
0.9187399127373198
0.6036924417671752
0.04297697876356284
0.1551199186953524
0.45103251447376164
0.04515212671985229
0.05800790581867067
0.03145376112525584
0.02474105401635391
0.02604981479777297
0.046290495440083415
0.09826134994438153
0.0851673030402509
0.06787024302789543
0.028871243005299342
0.02166946265776989
0.20296896237564666
0.027553687158324066
1.0
0.3374030200404829
0.36365016934428346
0.04695621121969606
0.167558827184483
0.13247679375892946
0.1397236608192998
0.1214859420919133
0.05926212999725557
0.1316085220214066
0.2430888495995325
0.11967527041009417
0.09773846772973965
0.08234087939487861
0.11405040944368743
0.03342755310073112
0.024300626780856076
0.02738859098891109
0.036354478489873915
0.13904973667015727
0.05710636372852795
0.26554697806224653
0.053595623953470485
0.11968332797004766
0.13355261343454372
0.1614620522541874
0.36917389203392514
0.9824416550622578
0.1392259751491804
0.07837169421965512
0.08300803354099126
0.023250341470569362
0.061222335984158986
0.18113964045033695
0.06265482205690881
0.06594991133993372
0.03288906365335927
0.12266208651776217
0.042446853683258914
0.07150140701855226
0.04869566105572806
0.04701381174484219
0.13920474140934952
0.16339838609661275
0.2137275594722917
0.3766644986912181
0.3901568192525752
0.530711627539258
0.5314394633450202
0.2165836838524807
0.39398578480799124
0.04342872084082826
0.019323373497402787
0.028914563373662768
0.026360312481918936
0.24560611222978007
0.11186276900535158
0.15027084885207728
0.20512089884163184
0.28174117044075236
0.09914169851890456
0.17372165258469516
0.4118329486471382
1.0
0.43752429608283133
0.31815781709533
0.28039720394320894
0.14742217986109576
0.26638838907401796
0.0430631992206847
0.08218158527997511
0.05676253813045028
0.25137225852154477
0.09788876045861424
0.14627622314292335
0.14986069858062553
0.13432190461383195
0.1202238272459209
0.05498636429040352
0.10200079544461572
0.04074223667716604
0.08512648038537624
0.01424558727220237
0.03458003370643959
0.26364854130172344
0.09191427659162829
0.6070431955137141
0.11440398344231809
0.17558320976167632
0.11110592468168763
0.11246273937938281
0.19949496368246605
0.08721918619557685
0.09083384734826234
0.14822129492922176
0.029933129819223164
0.09730212519310621
0.06144196391452565
0.06297620946068376
0.04123362561842879
0.1478670837884192
0.073849868804696
0.1445457736926931
0.1913873424578925
0.02672274807764075
0.11709924666859883
0.05067380253745328
0.0241870170853553
0.01380525484162391
0.031286132437707705
0.020115481455700652
0.018186864980609983
0.014488114671750216
0.01803633929364333
0.02000978994296731
0.04346251054085534
0.08160580684335926
0.057519684418404535
0.02258191107880412
0.3992705073390047
0.2865189863408
0.2352978612591387
0.38733618315360957
0.09166568281864028
0.30491567867841657
0.08241523284071772
0.04340548822924059
0.054030022637346284
0.06524330514700587
0.7462707871360388
0.04474914763822366
0.03632397460519787
0.07524781965332046
0.03920556601527841
0.048278887300850386
0.04079595632165337
0.14662262970382356
0.14329304929692582
0.03269044237508717
0.04523983994854736
0.1872713958590554
0.07928231492842998
0.038509234649022124
0.047219169334624965
0.20877054405365705
0.3972329378513517
0.41831359705848403
0.4587701856766455
0.09506221166237791
0.03795045318016152
0.021604123941236644
0.024185968893932316
0.05616671799397714
0.034692063916671116
0.06114262060157204
0.10851626918963775
0.11875909912109447
0.03168467540689823
0.03157204985234776
0.03670807591853772
0.04963620768866716
0.01380525484162391
0.01380525484162391
0.02072040774020144
0.01380525484162391
0.018231551508045202
0.08514180558880417
0.01395193200738702
0.03187950061797262
0.029549900045931898
0.11785078522196105
0.06251088548892852
0.017897482540326512
0.01380525484162391
0.04172020873345953
0.01380525484162391
0.01380525484162391
0.01380525484162391
0.01380525484162391
0.01380525484162391
0.03836469596669335
0.017600312177682213
0.020278741042385386
0.03432576875271577
0.025183864755610005
0.07399377971539778
0.19655136872978188
0.07938358406013939
0.04380063235478114
0.29651988668357865
1.0
1.0
1.0
1.0
1.0
0.1974979152653945
0.05428348585285434
0.021675024190207563
0.041763331707161046
0.04673652510954018
0.07399980675316012
0.07654697435969662
0.11233566283771121
0.15872537878092022
0.11813898121309112
0.12115737004721504
0.50747950037197
1.0
1.0
1.0
0.20427543224339276
0.070098754283425
0.08087809869391459
0.07558115279353848
0.056721529540790676
0.08372651389673644
0.054064724874667666
0.04327357881860252
0.5057525347311566
0.05679657219941581
0.04604199175915763
0.021688712238322635
0.05156279163966542
0.02173675685404044
0.019051012013890516
0.03816735422710472
0.02183487559881994
0.01380525484162391
0.193612191441137
0.03019766227484515
0.01380525484162391
0.03298720224375734
0.01380525484162391
0.035786549036709726
0.1893853679614066
0.03324478171403964
0.01380525484162391
0.03887337992459854
0.0250971648639538
0.01380525484162391
0.01380525484162391
0.01380525484162391
0.01380525484162391
0.01380525484162391
0.01380525484162391
0.01380525484162391
0.01380525484162391
0.01380525484162391
0.01380525484162391
0.01380525484162391
0.018322703707524483
0.014797102899346786
0.01380525484162391
0.01380525484162391
0.01380525484162391
0.015120223575497001
0.01380525484162391
0.01380525484162391
0.01380525484162391
0.017392340899417904
0.024043738329168222
0.01380525484162391
0.01380525484162391
0.01380525484162391
0.01380525484162391
0.01380525484162391
0.01380525484162391
0.01380525484162391
0.01380525484162391
0.01380525484162391
0.01380525484162391
0.01380525484162391
0.01380525484162391
0.01380525484162391
0.01380525484162391
0.01380525484162391
0.01380525484162391
NaN
NaN
NaN
NaN
NaN
NaN
NaN
NaN
NaN
NaN
NaN
NaN
NaN
NaN
NaN
NaN
NaN
NaN
NaN
